circular0Timestamp;circular0XPos;circular0YPos;circular0newCorr;circular0smoothCorr
6.4250659;;;0;0
6.4300793;;;0;0
6.438;0;0;;
6.438;0.5837762;-0.505565;;
6.439;0.90545;-0.7841427;;
6.44;0.9785724;-0.8474685;;
6.458;1.039955;-0.8877757;;
6.459;1.040628;-0.8882179;;
6.459;1.040743;-0.8882937;;
6.46;1.040804;-0.8883333;;
6.4606604;;;0.692868432638907;0.230956144212969
6.438;0;0;;
6.438;0.5837762;-0.505565;;
6.439;0.90545;-0.7841427;;
6.44;0.9785724;-0.8474685;;
6.458;1.039955;-0.8877757;;
6.459;1.040628;-0.8882179;;
6.459;1.040743;-0.8882937;;
6.46;1.040804;-0.8883333;;
6.4711883;;;0.692868432638907;0.346434216319454
6.438;0;0;;
6.438;0.5837762;-0.505565;;
6.439;0.90545;-0.7841427;;
6.44;0.9785724;-0.8474685;;
6.458;1.039955;-0.8877757;;
6.459;1.040628;-0.8882179;;
6.459;1.040743;-0.8882937;;
6.46;1.040804;-0.8883333;;
6.481;1.059229;-0.8975966;;
6.481;1.059402;-0.8976834;;
6.505;1.075362;-0.9053472;;
6.508;1.07668;-0.9059803;;
6.509;1.07668;-0.9059803;;
6.51;1.07668;-0.9059803;;
6.51;1.07668;-0.9059803;;
6.511;1.07668;-0.9059803;;
6.53;1.092484;-0.9131957;;
6.531;1.092629;-0.9132623;;
6.532;1.092691;-0.9132903;;
6.532;1.092691;-0.9132903;;
6.5493966;;;0.57619047534911;0.392385468125385
6.438;0;0;;
6.438;0.5837762;-0.505565;;
6.439;0.90545;-0.7841427;;
6.44;0.9785724;-0.8474685;;
6.458;1.039955;-0.8877757;;
6.459;1.040628;-0.8882179;;
6.459;1.040743;-0.8882937;;
6.46;1.040804;-0.8883333;;
6.481;1.059229;-0.8975966;;
6.481;1.059402;-0.8976834;;
6.505;1.075362;-0.9053472;;
6.508;1.07668;-0.9059803;;
6.509;1.07668;-0.9059803;;
6.51;1.07668;-0.9059803;;
6.51;1.07668;-0.9059803;;
6.511;1.07668;-0.9059803;;
6.53;1.092484;-0.9131957;;
6.531;1.092629;-0.9132623;;
6.532;1.092691;-0.9132903;;
6.532;1.092691;-0.9132903;;
6.552;1.108643;-0.9202368;;
6.553;1.10879;-0.9203008;;
6.554;1.108831;-0.9203186;;
6.555;1.108842;-0.9203236;;
6.560425;;;0.551551904250186;0.418913207479518
6.438;0;0;;
6.438;0.5837762;-0.505565;;
6.439;0.90545;-0.7841427;;
6.44;0.9785724;-0.8474685;;
6.458;1.039955;-0.8877757;;
6.459;1.040628;-0.8882179;;
6.459;1.040743;-0.8882937;;
6.46;1.040804;-0.8883333;;
6.481;1.059229;-0.8975966;;
6.481;1.059402;-0.8976834;;
6.505;1.075362;-0.9053472;;
6.508;1.07668;-0.9059803;;
6.509;1.07668;-0.9059803;;
6.51;1.07668;-0.9059803;;
6.51;1.07668;-0.9059803;;
6.511;1.07668;-0.9059803;;
6.53;1.092484;-0.9131957;;
6.531;1.092629;-0.9132623;;
6.532;1.092691;-0.9132903;;
6.532;1.092691;-0.9132903;;
6.552;1.108643;-0.9202368;;
6.553;1.10879;-0.9203008;;
6.554;1.108831;-0.9203186;;
6.555;1.108842;-0.9203236;;
6.572;1.124648;-0.9268799;;
6.573;1.124838;-0.926959;;
6.574;1.124868;-0.9269711;;
6.574;1.124872;-0.9269731;;
6.593;1.133384;-0.9303716;;
6.594;1.139939;-0.9329236;;
6.595;1.141237;-0.9334286;;
6.596;1.141237;-0.9334286;;
6.614;1.149406;-0.9365269;;
6.614;1.14947;-0.9365513;;
6.615;1.149513;-0.9365674;;
6.616;1.156375;-0.9391016;;
6.6271027;;;0.5714216562238;0.440700128728702
6.438;0;0;;
6.438;0.5837762;-0.505565;;
6.439;0.90545;-0.7841427;;
6.44;0.9785724;-0.8474685;;
6.458;1.039955;-0.8877757;;
6.459;1.040628;-0.8882179;;
6.459;1.040743;-0.8882937;;
6.46;1.040804;-0.8883333;;
6.481;1.059229;-0.8975966;;
6.481;1.059402;-0.8976834;;
6.505;1.075362;-0.9053472;;
6.508;1.07668;-0.9059803;;
6.509;1.07668;-0.9059803;;
6.51;1.07668;-0.9059803;;
6.51;1.07668;-0.9059803;;
6.511;1.07668;-0.9059803;;
6.53;1.092484;-0.9131957;;
6.531;1.092629;-0.9132623;;
6.532;1.092691;-0.9132903;;
6.532;1.092691;-0.9132903;;
6.552;1.108643;-0.9202368;;
6.553;1.10879;-0.9203008;;
6.554;1.108831;-0.9203186;;
6.555;1.108842;-0.9203236;;
6.572;1.124648;-0.9268799;;
6.573;1.124838;-0.926959;;
6.574;1.124868;-0.9269711;;
6.574;1.124872;-0.9269731;;
6.593;1.133384;-0.9303716;;
6.594;1.139939;-0.9329236;;
6.595;1.141237;-0.9334286;;
6.596;1.141237;-0.9334286;;
6.614;1.149406;-0.9365269;;
6.614;1.14947;-0.9365513;;
6.615;1.149513;-0.9365674;;
6.616;1.156375;-0.9391016;;
6.635;1.165699;-0.9424649;;
6.636;1.165868;-0.9425259;;
6.6386331;;;0.576342126704731;0.457655378475705
6.438;0;0;;
6.438;0.5837762;-0.505565;;
6.439;0.90545;-0.7841427;;
6.44;0.9785724;-0.8474685;;
6.458;1.039955;-0.8877757;;
6.459;1.040628;-0.8882179;;
6.459;1.040743;-0.8882937;;
6.46;1.040804;-0.8883333;;
6.481;1.059229;-0.8975966;;
6.481;1.059402;-0.8976834;;
6.505;1.075362;-0.9053472;;
6.508;1.07668;-0.9059803;;
6.509;1.07668;-0.9059803;;
6.51;1.07668;-0.9059803;;
6.51;1.07668;-0.9059803;;
6.511;1.07668;-0.9059803;;
6.53;1.092484;-0.9131957;;
6.531;1.092629;-0.9132623;;
6.532;1.092691;-0.9132903;;
6.532;1.092691;-0.9132903;;
6.552;1.108643;-0.9202368;;
6.553;1.10879;-0.9203008;;
6.554;1.108831;-0.9203186;;
6.555;1.108842;-0.9203236;;
6.572;1.124648;-0.9268799;;
6.573;1.124838;-0.926959;;
6.574;1.124868;-0.9269711;;
6.574;1.124872;-0.9269731;;
6.593;1.133384;-0.9303716;;
6.594;1.139939;-0.9329236;;
6.595;1.141237;-0.9334286;;
6.596;1.141237;-0.9334286;;
6.614;1.149406;-0.9365269;;
6.614;1.14947;-0.9365513;;
6.615;1.149513;-0.9365674;;
6.616;1.156375;-0.9391016;;
6.635;1.165699;-0.9424649;;
6.636;1.165868;-0.9425259;;
6.657;1.18227;-0.9481792;;
6.657;1.182394;-0.948222;;
6.658;1.182466;-0.9482469;;
6.679;1.199181;-0.9536812;;
6.68;1.199181;-0.9536812;;
6.68;1.199181;-0.9536812;;
6.68;1.199181;-0.9536812;;
6.681;1.199181;-0.9536812;;
6.682;1.199181;-0.9536812;;
6.7;1.21588;-0.9587865;;
6.7;1.215917;-0.9587978;;
6.705811;;;-0.0553247989572809;0.400657580983151
6.438;0;0;;
6.438;0.5837762;-0.505565;;
6.439;0.90545;-0.7841427;;
6.44;0.9785724;-0.8474685;;
6.458;1.039955;-0.8877757;;
6.459;1.040628;-0.8882179;;
6.459;1.040743;-0.8882937;;
6.46;1.040804;-0.8883333;;
6.481;1.059229;-0.8975966;;
6.481;1.059402;-0.8976834;;
6.505;1.075362;-0.9053472;;
6.508;1.07668;-0.9059803;;
6.509;1.07668;-0.9059803;;
6.51;1.07668;-0.9059803;;
6.51;1.07668;-0.9059803;;
6.511;1.07668;-0.9059803;;
6.53;1.092484;-0.9131957;;
6.531;1.092629;-0.9132623;;
6.532;1.092691;-0.9132903;;
6.532;1.092691;-0.9132903;;
6.552;1.108643;-0.9202368;;
6.553;1.10879;-0.9203008;;
6.554;1.108831;-0.9203186;;
6.555;1.108842;-0.9203236;;
6.572;1.124648;-0.9268799;;
6.573;1.124838;-0.926959;;
6.574;1.124868;-0.9269711;;
6.574;1.124872;-0.9269731;;
6.593;1.133384;-0.9303716;;
6.594;1.139939;-0.9329236;;
6.595;1.141237;-0.9334286;;
6.596;1.141237;-0.9334286;;
6.614;1.149406;-0.9365269;;
6.614;1.14947;-0.9365513;;
6.615;1.149513;-0.9365674;;
6.616;1.156375;-0.9391016;;
6.635;1.165699;-0.9424649;;
6.636;1.165868;-0.9425259;;
6.657;1.18227;-0.9481792;;
6.657;1.182394;-0.948222;;
6.658;1.182466;-0.9482469;;
6.679;1.199181;-0.9536812;;
6.68;1.199181;-0.9536812;;
6.68;1.199181;-0.9536812;;
6.68;1.199181;-0.9536812;;
6.681;1.199181;-0.9536812;;
6.682;1.199181;-0.9536812;;
6.7;1.21588;-0.9587865;;
6.7;1.215917;-0.9587978;;
6.721;1.224386;-0.9612678;;
6.721;1.224416;-0.9612765;;
6.722;1.224476;-0.9612939;;
6.723;1.224485;-0.9612967;;
6.7243604;;;-0.147338399946184;0.345857982890218
6.481;1.059229;-0.8975966;;
6.481;1.059402;-0.8976834;;
6.505;1.075362;-0.9053472;;
6.508;1.07668;-0.9059803;;
6.509;1.07668;-0.9059803;;
6.51;1.07668;-0.9059803;;
6.51;1.07668;-0.9059803;;
6.511;1.07668;-0.9059803;;
6.53;1.092484;-0.9131957;;
6.531;1.092629;-0.9132623;;
6.532;1.092691;-0.9132903;;
6.532;1.092691;-0.9132903;;
6.552;1.108643;-0.9202368;;
6.553;1.10879;-0.9203008;;
6.554;1.108831;-0.9203186;;
6.555;1.108842;-0.9203236;;
6.572;1.124648;-0.9268799;;
6.573;1.124838;-0.926959;;
6.574;1.124868;-0.9269711;;
6.574;1.124872;-0.9269731;;
6.593;1.133384;-0.9303716;;
6.594;1.139939;-0.9329236;;
6.595;1.141237;-0.9334286;;
6.596;1.141237;-0.9334286;;
6.614;1.149406;-0.9365269;;
6.614;1.14947;-0.9365513;;
6.615;1.149513;-0.9365674;;
6.616;1.156375;-0.9391016;;
6.635;1.165699;-0.9424649;;
6.636;1.165868;-0.9425259;;
6.657;1.18227;-0.9481792;;
6.657;1.182394;-0.948222;;
6.658;1.182466;-0.9482469;;
6.679;1.199181;-0.9536812;;
6.68;1.199181;-0.9536812;;
6.68;1.199181;-0.9536812;;
6.68;1.199181;-0.9536812;;
6.681;1.199181;-0.9536812;;
6.682;1.199181;-0.9536812;;
6.7;1.21588;-0.9587865;;
6.7;1.215917;-0.9587978;;
6.721;1.224386;-0.9612678;;
6.721;1.224416;-0.9612765;;
6.722;1.224476;-0.9612939;;
6.723;1.224485;-0.9612967;;
6.742;1.232673;-0.9636053;;
6.743;1.243029;-0.9663962;;
6.751;1.246857;-0.9674281;;
6.752;1.246943;-0.9674512;;
6.763;1.26896;-0.9729384;;
6.765;1.26939;-0.9730455;;
6.7729894;;;-0.767418464685244;0.24465103311063
6.505;1.075362;-0.9053472;;
6.508;1.07668;-0.9059803;;
6.509;1.07668;-0.9059803;;
6.51;1.07668;-0.9059803;;
6.51;1.07668;-0.9059803;;
6.511;1.07668;-0.9059803;;
6.53;1.092484;-0.9131957;;
6.531;1.092629;-0.9132623;;
6.532;1.092691;-0.9132903;;
6.532;1.092691;-0.9132903;;
6.552;1.108643;-0.9202368;;
6.553;1.10879;-0.9203008;;
6.554;1.108831;-0.9203186;;
6.555;1.108842;-0.9203236;;
6.572;1.124648;-0.9268799;;
6.573;1.124838;-0.926959;;
6.574;1.124868;-0.9269711;;
6.574;1.124872;-0.9269731;;
6.593;1.133384;-0.9303716;;
6.594;1.139939;-0.9329236;;
6.595;1.141237;-0.9334286;;
6.596;1.141237;-0.9334286;;
6.614;1.149406;-0.9365269;;
6.614;1.14947;-0.9365513;;
6.615;1.149513;-0.9365674;;
6.616;1.156375;-0.9391016;;
6.635;1.165699;-0.9424649;;
6.636;1.165868;-0.9425259;;
6.657;1.18227;-0.9481792;;
6.657;1.182394;-0.948222;;
6.658;1.182466;-0.9482469;;
6.679;1.199181;-0.9536812;;
6.68;1.199181;-0.9536812;;
6.68;1.199181;-0.9536812;;
6.68;1.199181;-0.9536812;;
6.681;1.199181;-0.9536812;;
6.682;1.199181;-0.9536812;;
6.7;1.21588;-0.9587865;;
6.7;1.215917;-0.9587978;;
6.721;1.224386;-0.9612678;;
6.721;1.224416;-0.9612765;;
6.722;1.224476;-0.9612939;;
6.723;1.224485;-0.9612967;;
6.742;1.232673;-0.9636053;;
6.743;1.243029;-0.9663962;;
6.751;1.246857;-0.9674281;;
6.752;1.246943;-0.9674512;;
6.763;1.26896;-0.9729384;;
6.765;1.26939;-0.9730455;;
6.787;1.275228;-0.9744112;;
6.7930423;;;-0.800459971385842;0.157558449402591
6.552;1.108643;-0.9202368;;
6.553;1.10879;-0.9203008;;
6.554;1.108831;-0.9203186;;
6.555;1.108842;-0.9203236;;
6.572;1.124648;-0.9268799;;
6.573;1.124838;-0.926959;;
6.574;1.124868;-0.9269711;;
6.574;1.124872;-0.9269731;;
6.593;1.133384;-0.9303716;;
6.594;1.139939;-0.9329236;;
6.595;1.141237;-0.9334286;;
6.596;1.141237;-0.9334286;;
6.614;1.149406;-0.9365269;;
6.614;1.14947;-0.9365513;;
6.615;1.149513;-0.9365674;;
6.616;1.156375;-0.9391016;;
6.635;1.165699;-0.9424649;;
6.636;1.165868;-0.9425259;;
6.657;1.18227;-0.9481792;;
6.657;1.182394;-0.948222;;
6.658;1.182466;-0.9482469;;
6.679;1.199181;-0.9536812;;
6.68;1.199181;-0.9536812;;
6.68;1.199181;-0.9536812;;
6.68;1.199181;-0.9536812;;
6.681;1.199181;-0.9536812;;
6.682;1.199181;-0.9536812;;
6.7;1.21588;-0.9587865;;
6.7;1.215917;-0.9587978;;
6.721;1.224386;-0.9612678;;
6.721;1.224416;-0.9612765;;
6.722;1.224476;-0.9612939;;
6.723;1.224485;-0.9612967;;
6.742;1.232673;-0.9636053;;
6.743;1.243029;-0.9663962;;
6.751;1.246857;-0.9674281;;
6.752;1.246943;-0.9674512;;
6.763;1.26896;-0.9729384;;
6.765;1.26939;-0.9730455;;
6.787;1.275228;-0.9744112;;
6.807;1.283864;-0.9763627;;
6.808;1.283954;-0.976383;;
6.809;1.28397;-0.9763868;;
6.83;1.318249;-0.9833446;;
6.831;1.318249;-0.9833446;;
6.85;1.318249;-0.9833446;;
6.85;1.318249;-0.9833446;;
6.8511972;;;-0.564162569767561;0.102041447927964
6.573;1.124838;-0.926959;;
6.574;1.124868;-0.9269711;;
6.574;1.124872;-0.9269731;;
6.593;1.133384;-0.9303716;;
6.594;1.139939;-0.9329236;;
6.595;1.141237;-0.9334286;;
6.596;1.141237;-0.9334286;;
6.614;1.149406;-0.9365269;;
6.614;1.14947;-0.9365513;;
6.615;1.149513;-0.9365674;;
6.616;1.156375;-0.9391016;;
6.635;1.165699;-0.9424649;;
6.636;1.165868;-0.9425259;;
6.657;1.18227;-0.9481792;;
6.657;1.182394;-0.948222;;
6.658;1.182466;-0.9482469;;
6.679;1.199181;-0.9536812;;
6.68;1.199181;-0.9536812;;
6.68;1.199181;-0.9536812;;
6.68;1.199181;-0.9536812;;
6.681;1.199181;-0.9536812;;
6.682;1.199181;-0.9536812;;
6.7;1.21588;-0.9587865;;
6.7;1.215917;-0.9587978;;
6.721;1.224386;-0.9612678;;
6.721;1.224416;-0.9612765;;
6.722;1.224476;-0.9612939;;
6.723;1.224485;-0.9612967;;
6.742;1.232673;-0.9636053;;
6.743;1.243029;-0.9663962;;
6.751;1.246857;-0.9674281;;
6.752;1.246943;-0.9674512;;
6.763;1.26896;-0.9729384;;
6.765;1.26939;-0.9730455;;
6.787;1.275228;-0.9744112;;
6.807;1.283864;-0.9763627;;
6.808;1.283954;-0.976383;;
6.809;1.28397;-0.9763868;;
6.83;1.318249;-0.9833446;;
6.831;1.318249;-0.9833446;;
6.85;1.318249;-0.9833446;;
6.85;1.318249;-0.9833446;;
6.851;1.324975;-0.9845577;;
6.852;1.325781;-0.9847031;;
6.871;1.32675;-0.9848778;;
6.871;1.32675;-0.9848778;;
6.872;1.32675;-0.9848778;;
6.872;1.32675;-0.9848778;;
6.8732555;;;-0.107038051627697;0.0871071979597024
6.614;1.149406;-0.9365269;;
6.614;1.14947;-0.9365513;;
6.615;1.149513;-0.9365674;;
6.616;1.156375;-0.9391016;;
6.635;1.165699;-0.9424649;;
6.636;1.165868;-0.9425259;;
6.657;1.18227;-0.9481792;;
6.657;1.182394;-0.948222;;
6.658;1.182466;-0.9482469;;
6.679;1.199181;-0.9536812;;
6.68;1.199181;-0.9536812;;
6.68;1.199181;-0.9536812;;
6.68;1.199181;-0.9536812;;
6.681;1.199181;-0.9536812;;
6.682;1.199181;-0.9536812;;
6.7;1.21588;-0.9587865;;
6.7;1.215917;-0.9587978;;
6.721;1.224386;-0.9612678;;
6.721;1.224416;-0.9612765;;
6.722;1.224476;-0.9612939;;
6.723;1.224485;-0.9612967;;
6.742;1.232673;-0.9636053;;
6.743;1.243029;-0.9663962;;
6.751;1.246857;-0.9674281;;
6.752;1.246943;-0.9674512;;
6.763;1.26896;-0.9729384;;
6.765;1.26939;-0.9730455;;
6.787;1.275228;-0.9744112;;
6.807;1.283864;-0.9763627;;
6.808;1.283954;-0.976383;;
6.809;1.28397;-0.9763868;;
6.83;1.318249;-0.9833446;;
6.831;1.318249;-0.9833446;;
6.85;1.318249;-0.9833446;;
6.85;1.318249;-0.9833446;;
6.851;1.324975;-0.9845577;;
6.852;1.325781;-0.9847031;;
6.871;1.32675;-0.9848778;;
6.871;1.32675;-0.9848778;;
6.872;1.32675;-0.9848778;;
6.872;1.32675;-0.9848778;;
6.891;1.361247;-0.990319;;
6.892;1.36156;-0.9903683;;
6.893;1.361657;-0.9903837;;
6.912;1.378665;-0.9926097;;
6.913;1.378823;-0.9926304;;
6.913;1.378843;-0.992633;;
6.9294042;;;0.278929795129734;0.0998953711043711
6.635;1.165699;-0.9424649;;
6.636;1.165868;-0.9425259;;
6.657;1.18227;-0.9481792;;
6.657;1.182394;-0.948222;;
6.658;1.182466;-0.9482469;;
6.679;1.199181;-0.9536812;;
6.68;1.199181;-0.9536812;;
6.68;1.199181;-0.9536812;;
6.68;1.199181;-0.9536812;;
6.681;1.199181;-0.9536812;;
6.682;1.199181;-0.9536812;;
6.7;1.21588;-0.9587865;;
6.7;1.215917;-0.9587978;;
6.721;1.224386;-0.9612678;;
6.721;1.224416;-0.9612765;;
6.722;1.224476;-0.9612939;;
6.723;1.224485;-0.9612967;;
6.742;1.232673;-0.9636053;;
6.743;1.243029;-0.9663962;;
6.751;1.246857;-0.9674281;;
6.752;1.246943;-0.9674512;;
6.763;1.26896;-0.9729384;;
6.765;1.26939;-0.9730455;;
6.787;1.275228;-0.9744112;;
6.807;1.283864;-0.9763627;;
6.808;1.283954;-0.976383;;
6.809;1.28397;-0.9763868;;
6.83;1.318249;-0.9833446;;
6.831;1.318249;-0.9833446;;
6.85;1.318249;-0.9833446;;
6.85;1.318249;-0.9833446;;
6.851;1.324975;-0.9845577;;
6.852;1.325781;-0.9847031;;
6.871;1.32675;-0.9848778;;
6.871;1.32675;-0.9848778;;
6.872;1.32675;-0.9848778;;
6.872;1.32675;-0.9848778;;
6.891;1.361247;-0.990319;;
6.892;1.36156;-0.9903683;;
6.893;1.361657;-0.9903837;;
6.912;1.378665;-0.9926097;;
6.913;1.378823;-0.9926304;;
6.913;1.378843;-0.992633;;
6.933;1.39637;-0.9946139;;
6.933;1.396459;-0.994624;;
6.934;1.396594;-0.9946392;;
6.935;1.396594;-0.9946392;;
6.9444448;;;0.514301624460504;0.125795761939129
6.7;1.21588;-0.9587865;;
6.7;1.215917;-0.9587978;;
6.721;1.224386;-0.9612678;;
6.721;1.224416;-0.9612765;;
6.722;1.224476;-0.9612939;;
6.723;1.224485;-0.9612967;;
6.742;1.232673;-0.9636053;;
6.743;1.243029;-0.9663962;;
6.751;1.246857;-0.9674281;;
6.752;1.246943;-0.9674512;;
6.763;1.26896;-0.9729384;;
6.765;1.26939;-0.9730455;;
6.787;1.275228;-0.9744112;;
6.807;1.283864;-0.9763627;;
6.808;1.283954;-0.976383;;
6.809;1.28397;-0.9763868;;
6.83;1.318249;-0.9833446;;
6.831;1.318249;-0.9833446;;
6.85;1.318249;-0.9833446;;
6.85;1.318249;-0.9833446;;
6.851;1.324975;-0.9845577;;
6.852;1.325781;-0.9847031;;
6.871;1.32675;-0.9848778;;
6.871;1.32675;-0.9848778;;
6.872;1.32675;-0.9848778;;
6.872;1.32675;-0.9848778;;
6.891;1.361247;-0.990319;;
6.892;1.36156;-0.9903683;;
6.893;1.361657;-0.9903837;;
6.912;1.378665;-0.9926097;;
6.913;1.378823;-0.9926304;;
6.913;1.378843;-0.992633;;
6.933;1.39637;-0.9946139;;
6.933;1.396459;-0.994624;;
6.934;1.396594;-0.9946392;;
6.935;1.396594;-0.9946392;;
6.953;1.405199;-0.9954957;;
6.954;1.405287;-0.9955044;;
6.954;1.405317;-0.9955075;;
6.955;1.405317;-0.9955075;;
6.974;1.434618;-0.9978545;;
6.975;1.434914;-0.9978782;;
6.975;1.434964;-0.9978822;;
6.976;1.434999;-0.997885;;
6.995;1.440252;-0.9982134;;
6.996;1.440306;-0.9982167;;
6.997;1.448777;-0.9986873;;
6.998;1.448777;-0.9986873;;
7.0071108;;;0.910809426700628;0.171973036336865
6.742;1.232673;-0.9636053;;
6.743;1.243029;-0.9663962;;
6.751;1.246857;-0.9674281;;
6.752;1.246943;-0.9674512;;
6.763;1.26896;-0.9729384;;
6.765;1.26939;-0.9730455;;
6.787;1.275228;-0.9744112;;
6.807;1.283864;-0.9763627;;
6.808;1.283954;-0.976383;;
6.809;1.28397;-0.9763868;;
6.83;1.318249;-0.9833446;;
6.831;1.318249;-0.9833446;;
6.85;1.318249;-0.9833446;;
6.85;1.318249;-0.9833446;;
6.851;1.324975;-0.9845577;;
6.852;1.325781;-0.9847031;;
6.871;1.32675;-0.9848778;;
6.871;1.32675;-0.9848778;;
6.872;1.32675;-0.9848778;;
6.872;1.32675;-0.9848778;;
6.891;1.361247;-0.990319;;
6.892;1.36156;-0.9903683;;
6.893;1.361657;-0.9903837;;
6.912;1.378665;-0.9926097;;
6.913;1.378823;-0.9926304;;
6.913;1.378843;-0.992633;;
6.933;1.39637;-0.9946139;;
6.933;1.396459;-0.994624;;
6.934;1.396594;-0.9946392;;
6.935;1.396594;-0.9946392;;
6.953;1.405199;-0.9954957;;
6.954;1.405287;-0.9955044;;
6.954;1.405317;-0.9955075;;
6.955;1.405317;-0.9955075;;
6.974;1.434618;-0.9978545;;
6.975;1.434914;-0.9978782;;
6.975;1.434964;-0.9978822;;
6.976;1.434999;-0.997885;;
6.995;1.440252;-0.9982134;;
6.996;1.440306;-0.9982167;;
6.997;1.448777;-0.9986873;;
6.998;1.448777;-0.9986873;;
7.016;1.457622;-0.9991011;;
7.017;1.457718;-0.9991056;;
7.025;1.457745;-0.9991068;;
7.026;1.457745;-0.9991069;;
7.0336812;;;0.883001049917973;0.211474592646926
6.787;1.275228;-0.9744112;;
6.807;1.283864;-0.9763627;;
6.808;1.283954;-0.976383;;
6.809;1.28397;-0.9763868;;
6.83;1.318249;-0.9833446;;
6.831;1.318249;-0.9833446;;
6.85;1.318249;-0.9833446;;
6.85;1.318249;-0.9833446;;
6.851;1.324975;-0.9845577;;
6.852;1.325781;-0.9847031;;
6.871;1.32675;-0.9848778;;
6.871;1.32675;-0.9848778;;
6.872;1.32675;-0.9848778;;
6.872;1.32675;-0.9848778;;
6.891;1.361247;-0.990319;;
6.892;1.36156;-0.9903683;;
6.893;1.361657;-0.9903837;;
6.912;1.378665;-0.9926097;;
6.913;1.378823;-0.9926304;;
6.913;1.378843;-0.992633;;
6.933;1.39637;-0.9946139;;
6.933;1.396459;-0.994624;;
6.934;1.396594;-0.9946392;;
6.935;1.396594;-0.9946392;;
6.953;1.405199;-0.9954957;;
6.954;1.405287;-0.9955044;;
6.954;1.405317;-0.9955075;;
6.955;1.405317;-0.9955075;;
6.974;1.434618;-0.9978545;;
6.975;1.434914;-0.9978782;;
6.975;1.434964;-0.9978822;;
6.976;1.434999;-0.997885;;
6.995;1.440252;-0.9982134;;
6.996;1.440306;-0.9982167;;
6.997;1.448777;-0.9986873;;
6.998;1.448777;-0.9986873;;
7.016;1.457622;-0.9991011;;
7.017;1.457718;-0.9991056;;
7.025;1.457745;-0.9991068;;
7.026;1.457745;-0.9991069;;
7.037;1.466209;-0.999428;;
7.037;1.466332;-0.9994327;;
7.057;1.499594;-0.9999931;;
7.058;1.500001;-1;;
7.059;1.500001;-1;;
7.06;1.500001;-1;;
7.06;1.500001;-1;;
7.079;1.505518;-0.9999848;;
7.079;1.505518;-0.9999848;;
7.08;1.505518;-0.9999848;;
7.0853183;;;0.746169329180744;0.239616420885548
6.807;1.283864;-0.9763627;;
6.808;1.283954;-0.976383;;
6.809;1.28397;-0.9763868;;
6.83;1.318249;-0.9833446;;
6.831;1.318249;-0.9833446;;
6.85;1.318249;-0.9833446;;
6.85;1.318249;-0.9833446;;
6.851;1.324975;-0.9845577;;
6.852;1.325781;-0.9847031;;
6.871;1.32675;-0.9848778;;
6.871;1.32675;-0.9848778;;
6.872;1.32675;-0.9848778;;
6.872;1.32675;-0.9848778;;
6.891;1.361247;-0.990319;;
6.892;1.36156;-0.9903683;;
6.893;1.361657;-0.9903837;;
6.912;1.378665;-0.9926097;;
6.913;1.378823;-0.9926304;;
6.913;1.378843;-0.992633;;
6.933;1.39637;-0.9946139;;
6.933;1.396459;-0.994624;;
6.934;1.396594;-0.9946392;;
6.935;1.396594;-0.9946392;;
6.953;1.405199;-0.9954957;;
6.954;1.405287;-0.9955044;;
6.954;1.405317;-0.9955075;;
6.955;1.405317;-0.9955075;;
6.974;1.434618;-0.9978545;;
6.975;1.434914;-0.9978782;;
6.975;1.434964;-0.9978822;;
6.976;1.434999;-0.997885;;
6.995;1.440252;-0.9982134;;
6.996;1.440306;-0.9982167;;
6.997;1.448777;-0.9986873;;
6.998;1.448777;-0.9986873;;
7.016;1.457622;-0.9991011;;
7.017;1.457718;-0.9991056;;
7.025;1.457745;-0.9991068;;
7.026;1.457745;-0.9991069;;
7.037;1.466209;-0.999428;;
7.037;1.466332;-0.9994327;;
7.057;1.499594;-0.9999931;;
7.058;1.500001;-1;;
7.059;1.500001;-1;;
7.06;1.500001;-1;;
7.06;1.500001;-1;;
7.079;1.505518;-0.9999848;;
7.079;1.505518;-0.9999848;;
7.08;1.505518;-0.9999848;;
7.1;1.510338;-0.9999464;;
7.1;1.510356;-0.9999463;;
7.101;1.5104;-0.9999459;;
7.101;1.5104;-0.9999459;;
7.1078779;;;0.707174942329283;0.262994346957735
6.871;1.32675;-0.9848778;;
6.871;1.32675;-0.9848778;;
6.872;1.32675;-0.9848778;;
6.872;1.32675;-0.9848778;;
6.891;1.361247;-0.990319;;
6.892;1.36156;-0.9903683;;
6.893;1.361657;-0.9903837;;
6.912;1.378665;-0.9926097;;
6.913;1.378823;-0.9926304;;
6.913;1.378843;-0.992633;;
6.933;1.39637;-0.9946139;;
6.933;1.396459;-0.994624;;
6.934;1.396594;-0.9946392;;
6.935;1.396594;-0.9946392;;
6.953;1.405199;-0.9954957;;
6.954;1.405287;-0.9955044;;
6.954;1.405317;-0.9955075;;
6.955;1.405317;-0.9955075;;
6.974;1.434618;-0.9978545;;
6.975;1.434914;-0.9978782;;
6.975;1.434964;-0.9978822;;
6.976;1.434999;-0.997885;;
6.995;1.440252;-0.9982134;;
6.996;1.440306;-0.9982167;;
6.997;1.448777;-0.9986873;;
6.998;1.448777;-0.9986873;;
7.016;1.457622;-0.9991011;;
7.017;1.457718;-0.9991056;;
7.025;1.457745;-0.9991068;;
7.026;1.457745;-0.9991069;;
7.037;1.466209;-0.999428;;
7.037;1.466332;-0.9994327;;
7.057;1.499594;-0.9999931;;
7.058;1.500001;-1;;
7.059;1.500001;-1;;
7.06;1.500001;-1;;
7.06;1.500001;-1;;
7.079;1.505518;-0.9999848;;
7.079;1.505518;-0.9999848;;
7.08;1.505518;-0.9999848;;
7.1;1.510338;-0.9999464;;
7.1;1.510356;-0.9999463;;
7.101;1.5104;-0.9999459;;
7.101;1.5104;-0.9999459;;
7.121;1.527656;-0.9996156;;
7.121;1.527743;-0.9996139;;
7.122;1.527876;-0.9996114;;
7.123;1.527876;-0.9996114;;
7.141;1.566287;-0.9977904;;
7.142;1.566726;-0.9977696;;
7.143;1.566793;-0.9977664;;
7.143;1.566804;-0.9977659;;
7.162;1.571705;-0.9974257;;
7.163;1.571758;-0.997422;;
7.1640274;;;0.0903374793766295;0.254772591358635
6.871;1.32675;-0.9848778;;
6.871;1.32675;-0.9848778;;
6.872;1.32675;-0.9848778;;
6.872;1.32675;-0.9848778;;
6.891;1.361247;-0.990319;;
6.892;1.36156;-0.9903683;;
6.893;1.361657;-0.9903837;;
6.912;1.378665;-0.9926097;;
6.913;1.378823;-0.9926304;;
6.913;1.378843;-0.992633;;
6.933;1.39637;-0.9946139;;
6.933;1.396459;-0.994624;;
6.934;1.396594;-0.9946392;;
6.935;1.396594;-0.9946392;;
6.953;1.405199;-0.9954957;;
6.954;1.405287;-0.9955044;;
6.954;1.405317;-0.9955075;;
6.955;1.405317;-0.9955075;;
6.974;1.434618;-0.9978545;;
6.975;1.434914;-0.9978782;;
6.975;1.434964;-0.9978822;;
6.976;1.434999;-0.997885;;
6.995;1.440252;-0.9982134;;
6.996;1.440306;-0.9982167;;
6.997;1.448777;-0.9986873;;
6.998;1.448777;-0.9986873;;
7.016;1.457622;-0.9991011;;
7.017;1.457718;-0.9991056;;
7.025;1.457745;-0.9991068;;
7.026;1.457745;-0.9991069;;
7.037;1.466209;-0.999428;;
7.037;1.466332;-0.9994327;;
7.057;1.499594;-0.9999931;;
7.058;1.500001;-1;;
7.059;1.500001;-1;;
7.06;1.500001;-1;;
7.06;1.500001;-1;;
7.079;1.505518;-0.9999848;;
7.079;1.505518;-0.9999848;;
7.08;1.505518;-0.9999848;;
7.1;1.510338;-0.9999464;;
7.1;1.510356;-0.9999463;;
7.101;1.5104;-0.9999459;;
7.101;1.5104;-0.9999459;;
7.121;1.527656;-0.9996156;;
7.121;1.527743;-0.9996139;;
7.122;1.527876;-0.9996114;;
7.123;1.527876;-0.9996114;;
7.141;1.566287;-0.9977904;;
7.142;1.566726;-0.9977696;;
7.143;1.566793;-0.9977664;;
7.143;1.566804;-0.9977659;;
7.162;1.571705;-0.9974257;;
7.163;1.571758;-0.997422;;
7.180571;;;0.0903374793766295;0.247298268086725
6.933;1.39637;-0.9946139;;
6.933;1.396459;-0.994624;;
6.934;1.396594;-0.9946392;;
6.935;1.396594;-0.9946392;;
6.953;1.405199;-0.9954957;;
6.954;1.405287;-0.9955044;;
6.954;1.405317;-0.9955075;;
6.955;1.405317;-0.9955075;;
6.974;1.434618;-0.9978545;;
6.975;1.434914;-0.9978782;;
6.975;1.434964;-0.9978822;;
6.976;1.434999;-0.997885;;
6.995;1.440252;-0.9982134;;
6.996;1.440306;-0.9982167;;
6.997;1.448777;-0.9986873;;
6.998;1.448777;-0.9986873;;
7.016;1.457622;-0.9991011;;
7.017;1.457718;-0.9991056;;
7.025;1.457745;-0.9991068;;
7.026;1.457745;-0.9991069;;
7.037;1.466209;-0.999428;;
7.037;1.466332;-0.9994327;;
7.057;1.499594;-0.9999931;;
7.058;1.500001;-1;;
7.059;1.500001;-1;;
7.06;1.500001;-1;;
7.06;1.500001;-1;;
7.079;1.505518;-0.9999848;;
7.079;1.505518;-0.9999848;;
7.08;1.505518;-0.9999848;;
7.1;1.510338;-0.9999464;;
7.1;1.510356;-0.9999463;;
7.101;1.5104;-0.9999459;;
7.101;1.5104;-0.9999459;;
7.121;1.527656;-0.9996156;;
7.121;1.527743;-0.9996139;;
7.122;1.527876;-0.9996114;;
7.123;1.527876;-0.9996114;;
7.141;1.566287;-0.9977904;;
7.142;1.566726;-0.9977696;;
7.143;1.566793;-0.9977664;;
7.143;1.566804;-0.9977659;;
7.162;1.571705;-0.9974257;;
7.163;1.571758;-0.997422;;
7.164;1.580363;-0.9967657;;
7.165;1.580363;-0.9967657;;
7.184;1.589021;-0.9960279;;
7.184;1.589139;-0.9960184;;
7.185;1.589214;-0.9960123;;
7.186;1.589225;-0.9960114;;
7.204;1.602203;-0.9947625;;
7.205;1.602352;-0.9947481;;
7.225;1.623773;-0.9923075;;
7.225;1.623945;-0.992288;;
7.226;1.624022;-0.9922792;;
7.226;1.624035;-0.9922777;;
7.2417332;;;-0.818097129316771;0.200976729069182
6.953;1.405199;-0.9954957;;
6.954;1.405287;-0.9955044;;
6.954;1.405317;-0.9955075;;
6.955;1.405317;-0.9955075;;
6.974;1.434618;-0.9978545;;
6.975;1.434914;-0.9978782;;
6.975;1.434964;-0.9978822;;
6.976;1.434999;-0.997885;;
6.995;1.440252;-0.9982134;;
6.996;1.440306;-0.9982167;;
6.997;1.448777;-0.9986873;;
6.998;1.448777;-0.9986873;;
7.016;1.457622;-0.9991011;;
7.017;1.457718;-0.9991056;;
7.025;1.457745;-0.9991068;;
7.026;1.457745;-0.9991069;;
7.037;1.466209;-0.999428;;
7.037;1.466332;-0.9994327;;
7.057;1.499594;-0.9999931;;
7.058;1.500001;-1;;
7.059;1.500001;-1;;
7.06;1.500001;-1;;
7.06;1.500001;-1;;
7.079;1.505518;-0.9999848;;
7.079;1.505518;-0.9999848;;
7.08;1.505518;-0.9999848;;
7.1;1.510338;-0.9999464;;
7.1;1.510356;-0.9999463;;
7.101;1.5104;-0.9999459;;
7.101;1.5104;-0.9999459;;
7.121;1.527656;-0.9996156;;
7.121;1.527743;-0.9996139;;
7.122;1.527876;-0.9996114;;
7.123;1.527876;-0.9996114;;
7.141;1.566287;-0.9977904;;
7.142;1.566726;-0.9977696;;
7.143;1.566793;-0.9977664;;
7.143;1.566804;-0.9977659;;
7.162;1.571705;-0.9974257;;
7.163;1.571758;-0.997422;;
7.164;1.580363;-0.9967657;;
7.165;1.580363;-0.9967657;;
7.184;1.589021;-0.9960279;;
7.184;1.589139;-0.9960184;;
7.185;1.589214;-0.9960123;;
7.186;1.589225;-0.9960114;;
7.204;1.602203;-0.9947625;;
7.205;1.602352;-0.9947481;;
7.225;1.623773;-0.9923075;;
7.225;1.623945;-0.992288;;
7.226;1.624022;-0.9922792;;
7.226;1.624035;-0.9922777;;
7.245;1.641167;-0.9899839;;
7.246;1.641343;-0.9899604;;
7.247;1.641387;-0.9899544;;
7.247;1.641387;-0.9899544;;
7.2607841;;;-0.903663481825738;0.154950053615227
6.995;1.440252;-0.9982134;;
6.996;1.440306;-0.9982167;;
6.997;1.448777;-0.9986873;;
6.998;1.448777;-0.9986873;;
7.016;1.457622;-0.9991011;;
7.017;1.457718;-0.9991056;;
7.025;1.457745;-0.9991068;;
7.026;1.457745;-0.9991069;;
7.037;1.466209;-0.999428;;
7.037;1.466332;-0.9994327;;
7.057;1.499594;-0.9999931;;
7.058;1.500001;-1;;
7.059;1.500001;-1;;
7.06;1.500001;-1;;
7.06;1.500001;-1;;
7.079;1.505518;-0.9999848;;
7.079;1.505518;-0.9999848;;
7.08;1.505518;-0.9999848;;
7.1;1.510338;-0.9999464;;
7.1;1.510356;-0.9999463;;
7.101;1.5104;-0.9999459;;
7.101;1.5104;-0.9999459;;
7.121;1.527656;-0.9996156;;
7.121;1.527743;-0.9996139;;
7.122;1.527876;-0.9996114;;
7.123;1.527876;-0.9996114;;
7.141;1.566287;-0.9977904;;
7.142;1.566726;-0.9977696;;
7.143;1.566793;-0.9977664;;
7.143;1.566804;-0.9977659;;
7.162;1.571705;-0.9974257;;
7.163;1.571758;-0.997422;;
7.164;1.580363;-0.9967657;;
7.165;1.580363;-0.9967657;;
7.184;1.589021;-0.9960279;;
7.184;1.589139;-0.9960184;;
7.185;1.589214;-0.9960123;;
7.186;1.589225;-0.9960114;;
7.204;1.602203;-0.9947625;;
7.205;1.602352;-0.9947481;;
7.225;1.623773;-0.9923075;;
7.225;1.623945;-0.992288;;
7.226;1.624022;-0.9922792;;
7.226;1.624035;-0.9922777;;
7.245;1.641167;-0.9899839;;
7.246;1.641343;-0.9899604;;
7.247;1.641387;-0.9899544;;
7.247;1.641387;-0.9899544;;
7.27;1.648743;-0.9888712;;
7.271;1.648955;-0.9888398;;
7.275;1.650008;-0.9886848;;
7.276;1.650008;-0.9886848;;
7.287;1.650008;-0.9886848;;
7.288;1.650008;-0.9886848;;
7.3089121;;;-0.953540294225709;0.11061043970159
7.016;1.457622;-0.9991011;;
7.017;1.457718;-0.9991056;;
7.025;1.457745;-0.9991068;;
7.026;1.457745;-0.9991069;;
7.037;1.466209;-0.999428;;
7.037;1.466332;-0.9994327;;
7.057;1.499594;-0.9999931;;
7.058;1.500001;-1;;
7.059;1.500001;-1;;
7.06;1.500001;-1;;
7.06;1.500001;-1;;
7.079;1.505518;-0.9999848;;
7.079;1.505518;-0.9999848;;
7.08;1.505518;-0.9999848;;
7.1;1.510338;-0.9999464;;
7.1;1.510356;-0.9999463;;
7.101;1.5104;-0.9999459;;
7.101;1.5104;-0.9999459;;
7.121;1.527656;-0.9996156;;
7.121;1.527743;-0.9996139;;
7.122;1.527876;-0.9996114;;
7.123;1.527876;-0.9996114;;
7.141;1.566287;-0.9977904;;
7.142;1.566726;-0.9977696;;
7.143;1.566793;-0.9977664;;
7.143;1.566804;-0.9977659;;
7.162;1.571705;-0.9974257;;
7.163;1.571758;-0.997422;;
7.164;1.580363;-0.9967657;;
7.165;1.580363;-0.9967657;;
7.184;1.589021;-0.9960279;;
7.184;1.589139;-0.9960184;;
7.185;1.589214;-0.9960123;;
7.186;1.589225;-0.9960114;;
7.204;1.602203;-0.9947625;;
7.205;1.602352;-0.9947481;;
7.225;1.623773;-0.9923075;;
7.225;1.623945;-0.992288;;
7.226;1.624022;-0.9922792;;
7.226;1.624035;-0.9922777;;
7.245;1.641167;-0.9899839;;
7.246;1.641343;-0.9899604;;
7.247;1.641387;-0.9899544;;
7.247;1.641387;-0.9899544;;
7.27;1.648743;-0.9888712;;
7.271;1.648955;-0.9888398;;
7.275;1.650008;-0.9886848;;
7.276;1.650008;-0.9886848;;
7.287;1.650008;-0.9886848;;
7.288;1.650008;-0.9886848;;
7.309;1.692291;-0.9813156;;
7.31;1.692336;-0.9813077;;
7.311;1.692831;-0.9812214;;
7.311;1.692841;-0.9812197;;
7.313;1.692869;-0.9812147;;
7.313;1.693047;-0.9811838;;
7.3279617;;;-0.911512439071694;0.0741499421387219
7.079;1.505518;-0.9999848;;
7.079;1.505518;-0.9999848;;
7.08;1.505518;-0.9999848;;
7.1;1.510338;-0.9999464;;
7.1;1.510356;-0.9999463;;
7.101;1.5104;-0.9999459;;
7.101;1.5104;-0.9999459;;
7.121;1.527656;-0.9996156;;
7.121;1.527743;-0.9996139;;
7.122;1.527876;-0.9996114;;
7.123;1.527876;-0.9996114;;
7.141;1.566287;-0.9977904;;
7.142;1.566726;-0.9977696;;
7.143;1.566793;-0.9977664;;
7.143;1.566804;-0.9977659;;
7.162;1.571705;-0.9974257;;
7.163;1.571758;-0.997422;;
7.164;1.580363;-0.9967657;;
7.165;1.580363;-0.9967657;;
7.184;1.589021;-0.9960279;;
7.184;1.589139;-0.9960184;;
7.185;1.589214;-0.9960123;;
7.186;1.589225;-0.9960114;;
7.204;1.602203;-0.9947625;;
7.205;1.602352;-0.9947481;;
7.225;1.623773;-0.9923075;;
7.225;1.623945;-0.992288;;
7.226;1.624022;-0.9922792;;
7.226;1.624035;-0.9922777;;
7.245;1.641167;-0.9899839;;
7.246;1.641343;-0.9899604;;
7.247;1.641387;-0.9899544;;
7.247;1.641387;-0.9899544;;
7.27;1.648743;-0.9888712;;
7.271;1.648955;-0.9888398;;
7.275;1.650008;-0.9886848;;
7.276;1.650008;-0.9886848;;
7.287;1.650008;-0.9886848;;
7.288;1.650008;-0.9886848;;
7.309;1.692291;-0.9813156;;
7.31;1.692336;-0.9813077;;
7.311;1.692831;-0.9812214;;
7.311;1.692841;-0.9812197;;
7.313;1.692869;-0.9812147;;
7.313;1.693047;-0.9811838;;
7.33;1.701845;-0.9794168;;
7.331;1.701848;-0.9794161;;
7.352;1.716543;-0.9762712;;
7.353;1.716658;-0.9762472;;
7.354;1.728755;-0.973484;;
7.355;1.728755;-0.973484;;
7.355;1.728755;-0.973484;;
7.355;1.728755;-0.973484;;
7.373;1.736142;-0.9717183;;
7.374;1.736219;-0.9716997;;
7.375;1.736237;-0.9716954;;
7.3760902;;;-0.844747746807756;0.0403600322664116
7.079;1.505518;-0.9999848;;
7.079;1.505518;-0.9999848;;
7.08;1.505518;-0.9999848;;
7.1;1.510338;-0.9999464;;
7.1;1.510356;-0.9999463;;
7.101;1.5104;-0.9999459;;
7.101;1.5104;-0.9999459;;
7.121;1.527656;-0.9996156;;
7.121;1.527743;-0.9996139;;
7.122;1.527876;-0.9996114;;
7.123;1.527876;-0.9996114;;
7.141;1.566287;-0.9977904;;
7.142;1.566726;-0.9977696;;
7.143;1.566793;-0.9977664;;
7.143;1.566804;-0.9977659;;
7.162;1.571705;-0.9974257;;
7.163;1.571758;-0.997422;;
7.164;1.580363;-0.9967657;;
7.165;1.580363;-0.9967657;;
7.184;1.589021;-0.9960279;;
7.184;1.589139;-0.9960184;;
7.185;1.589214;-0.9960123;;
7.186;1.589225;-0.9960114;;
7.204;1.602203;-0.9947625;;
7.205;1.602352;-0.9947481;;
7.225;1.623773;-0.9923075;;
7.225;1.623945;-0.992288;;
7.226;1.624022;-0.9922792;;
7.226;1.624035;-0.9922777;;
7.245;1.641167;-0.9899839;;
7.246;1.641343;-0.9899604;;
7.247;1.641387;-0.9899544;;
7.247;1.641387;-0.9899544;;
7.27;1.648743;-0.9888712;;
7.271;1.648955;-0.9888398;;
7.275;1.650008;-0.9886848;;
7.276;1.650008;-0.9886848;;
7.287;1.650008;-0.9886848;;
7.288;1.650008;-0.9886848;;
7.309;1.692291;-0.9813156;;
7.31;1.692336;-0.9813077;;
7.311;1.692831;-0.9812214;;
7.311;1.692841;-0.9812197;;
7.313;1.692869;-0.9812147;;
7.313;1.693047;-0.9811838;;
7.33;1.701845;-0.9794168;;
7.331;1.701848;-0.9794161;;
7.352;1.716543;-0.9762712;;
7.353;1.716658;-0.9762472;;
7.354;1.728755;-0.973484;;
7.355;1.728755;-0.973484;;
7.355;1.728755;-0.973484;;
7.355;1.728755;-0.973484;;
7.373;1.736142;-0.9717183;;
7.374;1.736219;-0.9716997;;
7.375;1.736237;-0.9716954;;
7.3986498;;;-0.844747746807756;-0.0211446149114548
7.079;1.505518;-0.9999848;;
7.079;1.505518;-0.9999848;;
7.08;1.505518;-0.9999848;;
7.1;1.510338;-0.9999464;;
7.1;1.510356;-0.9999463;;
7.101;1.5104;-0.9999459;;
7.101;1.5104;-0.9999459;;
7.121;1.527656;-0.9996156;;
7.121;1.527743;-0.9996139;;
7.122;1.527876;-0.9996114;;
7.123;1.527876;-0.9996114;;
7.141;1.566287;-0.9977904;;
7.142;1.566726;-0.9977696;;
7.143;1.566793;-0.9977664;;
7.143;1.566804;-0.9977659;;
7.162;1.571705;-0.9974257;;
7.163;1.571758;-0.997422;;
7.164;1.580363;-0.9967657;;
7.165;1.580363;-0.9967657;;
7.184;1.589021;-0.9960279;;
7.184;1.589139;-0.9960184;;
7.185;1.589214;-0.9960123;;
7.186;1.589225;-0.9960114;;
7.204;1.602203;-0.9947625;;
7.205;1.602352;-0.9947481;;
7.225;1.623773;-0.9923075;;
7.225;1.623945;-0.992288;;
7.226;1.624022;-0.9922792;;
7.226;1.624035;-0.9922777;;
7.245;1.641167;-0.9899839;;
7.246;1.641343;-0.9899604;;
7.247;1.641387;-0.9899544;;
7.247;1.641387;-0.9899544;;
7.27;1.648743;-0.9888712;;
7.271;1.648955;-0.9888398;;
7.275;1.650008;-0.9886848;;
7.276;1.650008;-0.9886848;;
7.287;1.650008;-0.9886848;;
7.288;1.650008;-0.9886848;;
7.309;1.692291;-0.9813156;;
7.31;1.692336;-0.9813077;;
7.311;1.692831;-0.9812214;;
7.311;1.692841;-0.9812197;;
7.313;1.692869;-0.9812147;;
7.313;1.693047;-0.9811838;;
7.33;1.701845;-0.9794168;;
7.331;1.701848;-0.9794161;;
7.352;1.716543;-0.9762712;;
7.353;1.716658;-0.9762472;;
7.354;1.728755;-0.973484;;
7.355;1.728755;-0.973484;;
7.355;1.728755;-0.973484;;
7.355;1.728755;-0.973484;;
7.373;1.736142;-0.9717183;;
7.374;1.736219;-0.9716997;;
7.375;1.736237;-0.9716954;;
7.4427669;;;-0.844747746807756;-0.0826492620893214
7.163;1.571758;-0.997422;;
7.164;1.580363;-0.9967657;;
7.165;1.580363;-0.9967657;;
7.184;1.589021;-0.9960279;;
7.184;1.589139;-0.9960184;;
7.185;1.589214;-0.9960123;;
7.186;1.589225;-0.9960114;;
7.204;1.602203;-0.9947625;;
7.205;1.602352;-0.9947481;;
7.225;1.623773;-0.9923075;;
7.225;1.623945;-0.992288;;
7.226;1.624022;-0.9922792;;
7.226;1.624035;-0.9922777;;
7.245;1.641167;-0.9899839;;
7.246;1.641343;-0.9899604;;
7.247;1.641387;-0.9899544;;
7.247;1.641387;-0.9899544;;
7.27;1.648743;-0.9888712;;
7.271;1.648955;-0.9888398;;
7.275;1.650008;-0.9886848;;
7.276;1.650008;-0.9886848;;
7.287;1.650008;-0.9886848;;
7.288;1.650008;-0.9886848;;
7.309;1.692291;-0.9813156;;
7.31;1.692336;-0.9813077;;
7.311;1.692831;-0.9812214;;
7.311;1.692841;-0.9812197;;
7.313;1.692869;-0.9812147;;
7.313;1.693047;-0.9811838;;
7.33;1.701845;-0.9794168;;
7.331;1.701848;-0.9794161;;
7.352;1.716543;-0.9762712;;
7.353;1.716658;-0.9762472;;
7.354;1.728755;-0.973484;;
7.355;1.728755;-0.973484;;
7.355;1.728755;-0.973484;;
7.355;1.728755;-0.973484;;
7.373;1.736142;-0.9717183;;
7.374;1.736219;-0.9716997;;
7.375;1.736237;-0.9716954;;
7.454;1.795085;-0.9554648;;
7.455;1.795213;-0.9554296;;
7.455;1.795272;-0.9554134;;
7.456;1.795272;-0.9554134;;
7.456;1.795272;-0.9554134;;
7.457;1.795272;-0.9554134;;
7.457;1.795272;-0.9554134;;
7.458;1.795272;-0.9554134;;
7.459;1.795272;-0.9554134;;
7.459;1.795272;-0.9554134;;
7.46;1.795272;-0.9554134;;
7.461;1.795272;-0.9554134;;
7.461;1.795272;-0.9554134;;
7.462;1.795272;-0.9554134;;
7.4698386;;;-0.228091356480853;-0.11482053536252
7.204;1.602203;-0.9947625;;
7.205;1.602352;-0.9947481;;
7.225;1.623773;-0.9923075;;
7.225;1.623945;-0.992288;;
7.226;1.624022;-0.9922792;;
7.226;1.624035;-0.9922777;;
7.245;1.641167;-0.9899839;;
7.246;1.641343;-0.9899604;;
7.247;1.641387;-0.9899544;;
7.247;1.641387;-0.9899544;;
7.27;1.648743;-0.9888712;;
7.271;1.648955;-0.9888398;;
7.275;1.650008;-0.9886848;;
7.276;1.650008;-0.9886848;;
7.287;1.650008;-0.9886848;;
7.288;1.650008;-0.9886848;;
7.309;1.692291;-0.9813156;;
7.31;1.692336;-0.9813077;;
7.311;1.692831;-0.9812214;;
7.311;1.692841;-0.9812197;;
7.313;1.692869;-0.9812147;;
7.313;1.693047;-0.9811838;;
7.33;1.701845;-0.9794168;;
7.331;1.701848;-0.9794161;;
7.352;1.716543;-0.9762712;;
7.353;1.716658;-0.9762472;;
7.354;1.728755;-0.973484;;
7.355;1.728755;-0.973484;;
7.355;1.728755;-0.973484;;
7.355;1.728755;-0.973484;;
7.373;1.736142;-0.9717183;;
7.374;1.736219;-0.9716997;;
7.375;1.736237;-0.9716954;;
7.454;1.795085;-0.9554648;;
7.455;1.795213;-0.9554296;;
7.455;1.795272;-0.9554134;;
7.456;1.795272;-0.9554134;;
7.456;1.795272;-0.9554134;;
7.457;1.795272;-0.9554134;;
7.457;1.795272;-0.9554134;;
7.458;1.795272;-0.9554134;;
7.459;1.795272;-0.9554134;;
7.459;1.795272;-0.9554134;;
7.46;1.795272;-0.9554134;;
7.461;1.795272;-0.9554134;;
7.461;1.795272;-0.9554134;;
7.462;1.795272;-0.9554134;;
7.475;1.818472;-0.9479262;;
7.476;1.818786;-0.9478249;;
7.477;1.818878;-0.9477951;;
7.477;1.81889;-0.9477914;;
7.496;1.823864;-0.9461034;;
7.497;1.823911;-0.9460874;;
7.5099453;;;-0.213724550975303;-0.14543159357154
7.225;1.623773;-0.9923075;;
7.225;1.623945;-0.992288;;
7.226;1.624022;-0.9922792;;
7.226;1.624035;-0.9922777;;
7.245;1.641167;-0.9899839;;
7.246;1.641343;-0.9899604;;
7.247;1.641387;-0.9899544;;
7.247;1.641387;-0.9899544;;
7.27;1.648743;-0.9888712;;
7.271;1.648955;-0.9888398;;
7.275;1.650008;-0.9886848;;
7.276;1.650008;-0.9886848;;
7.287;1.650008;-0.9886848;;
7.288;1.650008;-0.9886848;;
7.309;1.692291;-0.9813156;;
7.31;1.692336;-0.9813077;;
7.311;1.692831;-0.9812214;;
7.311;1.692841;-0.9812197;;
7.313;1.692869;-0.9812147;;
7.313;1.693047;-0.9811838;;
7.33;1.701845;-0.9794168;;
7.331;1.701848;-0.9794161;;
7.352;1.716543;-0.9762712;;
7.353;1.716658;-0.9762472;;
7.354;1.728755;-0.973484;;
7.355;1.728755;-0.973484;;
7.355;1.728755;-0.973484;;
7.355;1.728755;-0.973484;;
7.373;1.736142;-0.9717183;;
7.374;1.736219;-0.9716997;;
7.375;1.736237;-0.9716954;;
7.454;1.795085;-0.9554648;;
7.455;1.795213;-0.9554296;;
7.455;1.795272;-0.9554134;;
7.456;1.795272;-0.9554134;;
7.456;1.795272;-0.9554134;;
7.457;1.795272;-0.9554134;;
7.457;1.795272;-0.9554134;;
7.458;1.795272;-0.9554134;;
7.459;1.795272;-0.9554134;;
7.459;1.795272;-0.9554134;;
7.46;1.795272;-0.9554134;;
7.461;1.795272;-0.9554134;;
7.461;1.795272;-0.9554134;;
7.462;1.795272;-0.9554134;;
7.475;1.818472;-0.9479262;;
7.476;1.818786;-0.9478249;;
7.477;1.818878;-0.9477951;;
7.477;1.81889;-0.9477914;;
7.496;1.823864;-0.9461034;;
7.497;1.823911;-0.9460874;;
7.519;1.845098;-0.9385666;;
7.52;1.845098;-0.9385666;;
7.52;1.845098;-0.9385666;;
7.521;1.845098;-0.9385666;;
7.5345101;;;-0.291580971779783;-0.179951698691683
7.27;1.648743;-0.9888712;;
7.271;1.648955;-0.9888398;;
7.275;1.650008;-0.9886848;;
7.276;1.650008;-0.9886848;;
7.287;1.650008;-0.9886848;;
7.288;1.650008;-0.9886848;;
7.309;1.692291;-0.9813156;;
7.31;1.692336;-0.9813077;;
7.311;1.692831;-0.9812214;;
7.311;1.692841;-0.9812197;;
7.313;1.692869;-0.9812147;;
7.313;1.693047;-0.9811838;;
7.33;1.701845;-0.9794168;;
7.331;1.701848;-0.9794161;;
7.352;1.716543;-0.9762712;;
7.353;1.716658;-0.9762472;;
7.354;1.728755;-0.973484;;
7.355;1.728755;-0.973484;;
7.355;1.728755;-0.973484;;
7.355;1.728755;-0.973484;;
7.373;1.736142;-0.9717183;;
7.374;1.736219;-0.9716997;;
7.375;1.736237;-0.9716954;;
7.454;1.795085;-0.9554648;;
7.455;1.795213;-0.9554296;;
7.455;1.795272;-0.9554134;;
7.456;1.795272;-0.9554134;;
7.456;1.795272;-0.9554134;;
7.457;1.795272;-0.9554134;;
7.457;1.795272;-0.9554134;;
7.458;1.795272;-0.9554134;;
7.459;1.795272;-0.9554134;;
7.459;1.795272;-0.9554134;;
7.46;1.795272;-0.9554134;;
7.461;1.795272;-0.9554134;;
7.461;1.795272;-0.9554134;;
7.462;1.795272;-0.9554134;;
7.475;1.818472;-0.9479262;;
7.476;1.818786;-0.9478249;;
7.477;1.818878;-0.9477951;;
7.477;1.81889;-0.9477914;;
7.496;1.823864;-0.9461034;;
7.497;1.823911;-0.9460874;;
7.519;1.845098;-0.9385666;;
7.52;1.845098;-0.9385666;;
7.52;1.845098;-0.9385666;;
7.521;1.845098;-0.9385666;;
7.537;1.853306;-0.935507;;
7.538;1.853314;-0.9355043;;
7.539;1.853317;-0.9355031;;
7.539;1.853377;-0.9354806;;
7.558;1.871347;-0.9284915;;
7.559;1.871526;-0.928422;;
7.56;1.87158;-0.9284009;;
7.56;1.87158;-0.9284009;;
7.5771232;;;-0.675234708332294;-0.230014772093164
7.309;1.692291;-0.9813156;;
7.31;1.692336;-0.9813077;;
7.311;1.692831;-0.9812214;;
7.311;1.692841;-0.9812197;;
7.313;1.692869;-0.9812147;;
7.313;1.693047;-0.9811838;;
7.33;1.701845;-0.9794168;;
7.331;1.701848;-0.9794161;;
7.352;1.716543;-0.9762712;;
7.353;1.716658;-0.9762472;;
7.354;1.728755;-0.973484;;
7.355;1.728755;-0.973484;;
7.355;1.728755;-0.973484;;
7.355;1.728755;-0.973484;;
7.373;1.736142;-0.9717183;;
7.374;1.736219;-0.9716997;;
7.375;1.736237;-0.9716954;;
7.454;1.795085;-0.9554648;;
7.455;1.795213;-0.9554296;;
7.455;1.795272;-0.9554134;;
7.456;1.795272;-0.9554134;;
7.456;1.795272;-0.9554134;;
7.457;1.795272;-0.9554134;;
7.457;1.795272;-0.9554134;;
7.458;1.795272;-0.9554134;;
7.459;1.795272;-0.9554134;;
7.459;1.795272;-0.9554134;;
7.46;1.795272;-0.9554134;;
7.461;1.795272;-0.9554134;;
7.461;1.795272;-0.9554134;;
7.462;1.795272;-0.9554134;;
7.475;1.818472;-0.9479262;;
7.476;1.818786;-0.9478249;;
7.477;1.818878;-0.9477951;;
7.477;1.81889;-0.9477914;;
7.496;1.823864;-0.9461034;;
7.497;1.823911;-0.9460874;;
7.519;1.845098;-0.9385666;;
7.52;1.845098;-0.9385666;;
7.52;1.845098;-0.9385666;;
7.521;1.845098;-0.9385666;;
7.537;1.853306;-0.935507;;
7.538;1.853314;-0.9355043;;
7.539;1.853317;-0.9355031;;
7.539;1.853377;-0.9354806;;
7.558;1.871347;-0.9284915;;
7.559;1.871526;-0.928422;;
7.56;1.87158;-0.9284009;;
7.56;1.87158;-0.9284009;;
7.579;1.893698;-0.9192355;;
7.579;1.893706;-0.9192324;;
7.58;1.89372;-0.9192266;;
7.581;1.893726;-0.919224;;
7.6;1.893989;-0.9191152;;
7.6001848;;;-0.779193995888451;-0.258969539970411
7.33;1.701845;-0.9794168;;
7.331;1.701848;-0.9794161;;
7.352;1.716543;-0.9762712;;
7.353;1.716658;-0.9762472;;
7.354;1.728755;-0.973484;;
7.355;1.728755;-0.973484;;
7.355;1.728755;-0.973484;;
7.355;1.728755;-0.973484;;
7.373;1.736142;-0.9717183;;
7.374;1.736219;-0.9716997;;
7.375;1.736237;-0.9716954;;
7.454;1.795085;-0.9554648;;
7.455;1.795213;-0.9554296;;
7.455;1.795272;-0.9554134;;
7.456;1.795272;-0.9554134;;
7.456;1.795272;-0.9554134;;
7.457;1.795272;-0.9554134;;
7.457;1.795272;-0.9554134;;
7.458;1.795272;-0.9554134;;
7.459;1.795272;-0.9554134;;
7.459;1.795272;-0.9554134;;
7.46;1.795272;-0.9554134;;
7.461;1.795272;-0.9554134;;
7.461;1.795272;-0.9554134;;
7.462;1.795272;-0.9554134;;
7.475;1.818472;-0.9479262;;
7.476;1.818786;-0.9478249;;
7.477;1.818878;-0.9477951;;
7.477;1.81889;-0.9477914;;
7.496;1.823864;-0.9461034;;
7.497;1.823911;-0.9460874;;
7.519;1.845098;-0.9385666;;
7.52;1.845098;-0.9385666;;
7.52;1.845098;-0.9385666;;
7.521;1.845098;-0.9385666;;
7.537;1.853306;-0.935507;;
7.538;1.853314;-0.9355043;;
7.539;1.853317;-0.9355031;;
7.539;1.853377;-0.9354806;;
7.558;1.871347;-0.9284915;;
7.559;1.871526;-0.928422;;
7.56;1.87158;-0.9284009;;
7.56;1.87158;-0.9284009;;
7.579;1.893698;-0.9192355;;
7.579;1.893706;-0.9192324;;
7.58;1.89372;-0.9192266;;
7.581;1.893726;-0.919224;;
7.6;1.893989;-0.9191152;;
7.6;1.899164;-0.9168697;;
7.601;1.900929;-0.9161038;;
7.602;1.901206;-0.9159836;;
7.621;1.918466;-0.9082279;;
7.622;1.91871;-0.9081192;;
7.623;1.918751;-0.908101;;
7.624;1.918751;-0.908101;;
7.6438006;;;-0.881210164683583;-0.288324410559907
7.373;1.736142;-0.9717183;;
7.374;1.736219;-0.9716997;;
7.375;1.736237;-0.9716954;;
7.454;1.795085;-0.9554648;;
7.455;1.795213;-0.9554296;;
7.455;1.795272;-0.9554134;;
7.456;1.795272;-0.9554134;;
7.456;1.795272;-0.9554134;;
7.457;1.795272;-0.9554134;;
7.457;1.795272;-0.9554134;;
7.458;1.795272;-0.9554134;;
7.459;1.795272;-0.9554134;;
7.459;1.795272;-0.9554134;;
7.46;1.795272;-0.9554134;;
7.461;1.795272;-0.9554134;;
7.461;1.795272;-0.9554134;;
7.462;1.795272;-0.9554134;;
7.475;1.818472;-0.9479262;;
7.476;1.818786;-0.9478249;;
7.477;1.818878;-0.9477951;;
7.477;1.81889;-0.9477914;;
7.496;1.823864;-0.9461034;;
7.497;1.823911;-0.9460874;;
7.519;1.845098;-0.9385666;;
7.52;1.845098;-0.9385666;;
7.52;1.845098;-0.9385666;;
7.521;1.845098;-0.9385666;;
7.537;1.853306;-0.935507;;
7.538;1.853314;-0.9355043;;
7.539;1.853317;-0.9355031;;
7.539;1.853377;-0.9354806;;
7.558;1.871347;-0.9284915;;
7.559;1.871526;-0.928422;;
7.56;1.87158;-0.9284009;;
7.56;1.87158;-0.9284009;;
7.579;1.893698;-0.9192355;;
7.579;1.893706;-0.9192324;;
7.58;1.89372;-0.9192266;;
7.581;1.893726;-0.919224;;
7.6;1.893989;-0.9191152;;
7.6;1.899164;-0.9168697;;
7.601;1.900929;-0.9161038;;
7.602;1.901206;-0.9159836;;
7.621;1.918466;-0.9082279;;
7.622;1.91871;-0.9081192;;
7.623;1.918751;-0.908101;;
7.624;1.918751;-0.908101;;
7.644;1.941598;-0.8972083;;
7.645;1.941612;-0.8972015;;
7.645;1.941891;-0.8970686;;
7.646;1.941891;-0.8970686;;
7.67;1.941766;-0.8971282;;
7.671;1.941869;-0.8970795;;
7.672;1.941885;-0.8970717;;
7.6743814;;;-0.955330360142625;-0.295840886378202
7.454;1.795085;-0.9554648;;
7.455;1.795213;-0.9554296;;
7.455;1.795272;-0.9554134;;
7.456;1.795272;-0.9554134;;
7.456;1.795272;-0.9554134;;
7.457;1.795272;-0.9554134;;
7.457;1.795272;-0.9554134;;
7.458;1.795272;-0.9554134;;
7.459;1.795272;-0.9554134;;
7.459;1.795272;-0.9554134;;
7.46;1.795272;-0.9554134;;
7.461;1.795272;-0.9554134;;
7.461;1.795272;-0.9554134;;
7.462;1.795272;-0.9554134;;
7.475;1.818472;-0.9479262;;
7.476;1.818786;-0.9478249;;
7.477;1.818878;-0.9477951;;
7.477;1.81889;-0.9477914;;
7.496;1.823864;-0.9461034;;
7.497;1.823911;-0.9460874;;
7.519;1.845098;-0.9385666;;
7.52;1.845098;-0.9385666;;
7.52;1.845098;-0.9385666;;
7.521;1.845098;-0.9385666;;
7.537;1.853306;-0.935507;;
7.538;1.853314;-0.9355043;;
7.539;1.853317;-0.9355031;;
7.539;1.853377;-0.9354806;;
7.558;1.871347;-0.9284915;;
7.559;1.871526;-0.928422;;
7.56;1.87158;-0.9284009;;
7.56;1.87158;-0.9284009;;
7.579;1.893698;-0.9192355;;
7.579;1.893706;-0.9192324;;
7.58;1.89372;-0.9192266;;
7.581;1.893726;-0.919224;;
7.6;1.893989;-0.9191152;;
7.6;1.899164;-0.9168697;;
7.601;1.900929;-0.9161038;;
7.602;1.901206;-0.9159836;;
7.621;1.918466;-0.9082279;;
7.622;1.91871;-0.9081192;;
7.623;1.918751;-0.908101;;
7.624;1.918751;-0.908101;;
7.644;1.941598;-0.8972083;;
7.645;1.941612;-0.8972015;;
7.645;1.941891;-0.8970686;;
7.646;1.941891;-0.8970686;;
7.67;1.941766;-0.8971282;;
7.671;1.941869;-0.8970795;;
7.672;1.941885;-0.8970717;;
7.693;1.949611;-0.8932233;;
7.694;1.963386;-0.8860829;;
7.695;1.969499;-0.8829145;;
7.696;1.970789;-0.882246;;
7.697;1.970789;-0.882246;;
7.6999493;;;-0.958273503539187;-0.302153427664336
7.454;1.795085;-0.9554648;;
7.455;1.795213;-0.9554296;;
7.455;1.795272;-0.9554134;;
7.456;1.795272;-0.9554134;;
7.456;1.795272;-0.9554134;;
7.457;1.795272;-0.9554134;;
7.457;1.795272;-0.9554134;;
7.458;1.795272;-0.9554134;;
7.459;1.795272;-0.9554134;;
7.459;1.795272;-0.9554134;;
7.46;1.795272;-0.9554134;;
7.461;1.795272;-0.9554134;;
7.461;1.795272;-0.9554134;;
7.462;1.795272;-0.9554134;;
7.475;1.818472;-0.9479262;;
7.476;1.818786;-0.9478249;;
7.477;1.818878;-0.9477951;;
7.477;1.81889;-0.9477914;;
7.496;1.823864;-0.9461034;;
7.497;1.823911;-0.9460874;;
7.519;1.845098;-0.9385666;;
7.52;1.845098;-0.9385666;;
7.52;1.845098;-0.9385666;;
7.521;1.845098;-0.9385666;;
7.537;1.853306;-0.935507;;
7.538;1.853314;-0.9355043;;
7.539;1.853317;-0.9355031;;
7.539;1.853377;-0.9354806;;
7.558;1.871347;-0.9284915;;
7.559;1.871526;-0.928422;;
7.56;1.87158;-0.9284009;;
7.56;1.87158;-0.9284009;;
7.579;1.893698;-0.9192355;;
7.579;1.893706;-0.9192324;;
7.58;1.89372;-0.9192266;;
7.581;1.893726;-0.919224;;
7.6;1.893989;-0.9191152;;
7.6;1.899164;-0.9168697;;
7.601;1.900929;-0.9161038;;
7.602;1.901206;-0.9159836;;
7.621;1.918466;-0.9082279;;
7.622;1.91871;-0.9081192;;
7.623;1.918751;-0.908101;;
7.624;1.918751;-0.908101;;
7.644;1.941598;-0.8972083;;
7.645;1.941612;-0.8972015;;
7.645;1.941891;-0.8970686;;
7.646;1.941891;-0.8970686;;
7.67;1.941766;-0.8971282;;
7.671;1.941869;-0.8970795;;
7.672;1.941885;-0.8970717;;
7.693;1.949611;-0.8932233;;
7.694;1.963386;-0.8860829;;
7.695;1.969499;-0.8829145;;
7.696;1.970789;-0.882246;;
7.697;1.970789;-0.882246;;
7.716;1.984466;-0.8748063;;
7.716;1.984645;-0.8747089;;
7.718;1.984805;-0.8746221;;
7.718;1.984816;-0.8746159;;
7.737;1.988524;-0.8725503;;
7.738;1.988561;-0.8725299;;
7.739;1.988569;-0.872525;;
7.748;1.988572;-0.8725235;;
7.7485783;;;-0.948318575936709;-0.317519667911101
7.462;1.795272;-0.9554134;;
7.475;1.818472;-0.9479262;;
7.476;1.818786;-0.9478249;;
7.477;1.818878;-0.9477951;;
7.477;1.81889;-0.9477914;;
7.496;1.823864;-0.9461034;;
7.497;1.823911;-0.9460874;;
7.519;1.845098;-0.9385666;;
7.52;1.845098;-0.9385666;;
7.52;1.845098;-0.9385666;;
7.521;1.845098;-0.9385666;;
7.537;1.853306;-0.935507;;
7.538;1.853314;-0.9355043;;
7.539;1.853317;-0.9355031;;
7.539;1.853377;-0.9354806;;
7.558;1.871347;-0.9284915;;
7.559;1.871526;-0.928422;;
7.56;1.87158;-0.9284009;;
7.56;1.87158;-0.9284009;;
7.579;1.893698;-0.9192355;;
7.579;1.893706;-0.9192324;;
7.58;1.89372;-0.9192266;;
7.581;1.893726;-0.919224;;
7.6;1.893989;-0.9191152;;
7.6;1.899164;-0.9168697;;
7.601;1.900929;-0.9161038;;
7.602;1.901206;-0.9159836;;
7.621;1.918466;-0.9082279;;
7.622;1.91871;-0.9081192;;
7.623;1.918751;-0.908101;;
7.624;1.918751;-0.908101;;
7.644;1.941598;-0.8972083;;
7.645;1.941612;-0.8972015;;
7.645;1.941891;-0.8970686;;
7.646;1.941891;-0.8970686;;
7.67;1.941766;-0.8971282;;
7.671;1.941869;-0.8970795;;
7.672;1.941885;-0.8970717;;
7.693;1.949611;-0.8932233;;
7.694;1.963386;-0.8860829;;
7.695;1.969499;-0.8829145;;
7.696;1.970789;-0.882246;;
7.697;1.970789;-0.882246;;
7.716;1.984466;-0.8748063;;
7.716;1.984645;-0.8747089;;
7.718;1.984805;-0.8746221;;
7.718;1.984816;-0.8746159;;
7.737;1.988524;-0.8725503;;
7.738;1.988561;-0.8725299;;
7.739;1.988569;-0.872525;;
7.748;1.988572;-0.8725235;;
7.758;2.005974;-0.8625431;;
7.759;2.00633;-0.8623391;;
7.76;2.006385;-0.8623073;;
7.761;2.006393;-0.8623027;;
7.77565;;;-0.947497394154414;-0.35113804161217
7.519;1.845098;-0.9385666;;
7.52;1.845098;-0.9385666;;
7.52;1.845098;-0.9385666;;
7.521;1.845098;-0.9385666;;
7.537;1.853306;-0.935507;;
7.538;1.853314;-0.9355043;;
7.539;1.853317;-0.9355031;;
7.539;1.853377;-0.9354806;;
7.558;1.871347;-0.9284915;;
7.559;1.871526;-0.928422;;
7.56;1.87158;-0.9284009;;
7.56;1.87158;-0.9284009;;
7.579;1.893698;-0.9192355;;
7.579;1.893706;-0.9192324;;
7.58;1.89372;-0.9192266;;
7.581;1.893726;-0.919224;;
7.6;1.893989;-0.9191152;;
7.6;1.899164;-0.9168697;;
7.601;1.900929;-0.9161038;;
7.602;1.901206;-0.9159836;;
7.621;1.918466;-0.9082279;;
7.622;1.91871;-0.9081192;;
7.623;1.918751;-0.908101;;
7.624;1.918751;-0.908101;;
7.644;1.941598;-0.8972083;;
7.645;1.941612;-0.8972015;;
7.645;1.941891;-0.8970686;;
7.646;1.941891;-0.8970686;;
7.67;1.941766;-0.8971282;;
7.671;1.941869;-0.8970795;;
7.672;1.941885;-0.8970717;;
7.693;1.949611;-0.8932233;;
7.694;1.963386;-0.8860829;;
7.695;1.969499;-0.8829145;;
7.696;1.970789;-0.882246;;
7.697;1.970789;-0.882246;;
7.716;1.984466;-0.8748063;;
7.716;1.984645;-0.8747089;;
7.718;1.984805;-0.8746221;;
7.718;1.984816;-0.8746159;;
7.737;1.988524;-0.8725503;;
7.738;1.988561;-0.8725299;;
7.739;1.988569;-0.872525;;
7.748;1.988572;-0.8725235;;
7.758;2.005974;-0.8625431;;
7.759;2.00633;-0.8623391;;
7.76;2.006385;-0.8623073;;
7.761;2.006393;-0.8623027;;
7.781;2.021457;-0.8532754;;
7.781;2.021575;-0.8532045;;
7.782;2.021636;-0.8531681;;
7.783;2.021644;-0.8531631;;
7.801;2.05239;-0.8335747;;
7.802;2.052747;-0.8333476;;
7.803;2.052808;-0.8333089;;
7.804;2.052808;-0.8333089;;
7.8117463;;;-0.962733042025256;-0.40080455509837
7.558;1.871347;-0.9284915;;
7.559;1.871526;-0.928422;;
7.56;1.87158;-0.9284009;;
7.56;1.87158;-0.9284009;;
7.579;1.893698;-0.9192355;;
7.579;1.893706;-0.9192324;;
7.58;1.89372;-0.9192266;;
7.581;1.893726;-0.919224;;
7.6;1.893989;-0.9191152;;
7.6;1.899164;-0.9168697;;
7.601;1.900929;-0.9161038;;
7.602;1.901206;-0.9159836;;
7.621;1.918466;-0.9082279;;
7.622;1.91871;-0.9081192;;
7.623;1.918751;-0.908101;;
7.624;1.918751;-0.908101;;
7.644;1.941598;-0.8972083;;
7.645;1.941612;-0.8972015;;
7.645;1.941891;-0.8970686;;
7.646;1.941891;-0.8970686;;
7.67;1.941766;-0.8971282;;
7.671;1.941869;-0.8970795;;
7.672;1.941885;-0.8970717;;
7.693;1.949611;-0.8932233;;
7.694;1.963386;-0.8860829;;
7.695;1.969499;-0.8829145;;
7.696;1.970789;-0.882246;;
7.697;1.970789;-0.882246;;
7.716;1.984466;-0.8748063;;
7.716;1.984645;-0.8747089;;
7.718;1.984805;-0.8746221;;
7.718;1.984816;-0.8746159;;
7.737;1.988524;-0.8725503;;
7.738;1.988561;-0.8725299;;
7.739;1.988569;-0.872525;;
7.748;1.988572;-0.8725235;;
7.758;2.005974;-0.8625431;;
7.759;2.00633;-0.8623391;;
7.76;2.006385;-0.8623073;;
7.761;2.006393;-0.8623027;;
7.781;2.021457;-0.8532754;;
7.781;2.021575;-0.8532045;;
7.782;2.021636;-0.8531681;;
7.783;2.021644;-0.8531631;;
7.801;2.05239;-0.8335747;;
7.802;2.052747;-0.8333476;;
7.803;2.052808;-0.8333089;;
7.804;2.052808;-0.8333089;;
7.823;2.055856;-0.8312787;;
7.823;2.055856;-0.8312787;;
7.824;2.055856;-0.8312787;;
7.825;2.055856;-0.8312787;;
7.843;2.062981;-0.8264695;;
7.844;2.063061;-0.8264154;;
7.8453355;;;-0.960753185811938;-0.459806747509267
7.579;1.893698;-0.9192355;;
7.579;1.893706;-0.9192324;;
7.58;1.89372;-0.9192266;;
7.581;1.893726;-0.919224;;
7.6;1.893989;-0.9191152;;
7.6;1.899164;-0.9168697;;
7.601;1.900929;-0.9161038;;
7.602;1.901206;-0.9159836;;
7.621;1.918466;-0.9082279;;
7.622;1.91871;-0.9081192;;
7.623;1.918751;-0.908101;;
7.624;1.918751;-0.908101;;
7.644;1.941598;-0.8972083;;
7.645;1.941612;-0.8972015;;
7.645;1.941891;-0.8970686;;
7.646;1.941891;-0.8970686;;
7.67;1.941766;-0.8971282;;
7.671;1.941869;-0.8970795;;
7.672;1.941885;-0.8970717;;
7.693;1.949611;-0.8932233;;
7.694;1.963386;-0.8860829;;
7.695;1.969499;-0.8829145;;
7.696;1.970789;-0.882246;;
7.697;1.970789;-0.882246;;
7.716;1.984466;-0.8748063;;
7.716;1.984645;-0.8747089;;
7.718;1.984805;-0.8746221;;
7.718;1.984816;-0.8746159;;
7.737;1.988524;-0.8725503;;
7.738;1.988561;-0.8725299;;
7.739;1.988569;-0.872525;;
7.748;1.988572;-0.8725235;;
7.758;2.005974;-0.8625431;;
7.759;2.00633;-0.8623391;;
7.76;2.006385;-0.8623073;;
7.761;2.006393;-0.8623027;;
7.781;2.021457;-0.8532754;;
7.781;2.021575;-0.8532045;;
7.782;2.021636;-0.8531681;;
7.783;2.021644;-0.8531631;;
7.801;2.05239;-0.8335747;;
7.802;2.052747;-0.8333476;;
7.803;2.052808;-0.8333089;;
7.804;2.052808;-0.8333089;;
7.823;2.055856;-0.8312787;;
7.823;2.055856;-0.8312787;;
7.824;2.055856;-0.8312787;;
7.825;2.055856;-0.8312787;;
7.843;2.062981;-0.8264695;;
7.844;2.063061;-0.8264154;;
7.845;2.076602;-0.8169864;;
7.864;2.084402;-0.8114591;;
7.865;2.08462;-0.8113065;;
7.866;2.084654;-0.8112823;;
7.8784235;;;-0.966414513478139;-0.479291661584993
7.621;1.918466;-0.9082279;;
7.622;1.91871;-0.9081192;;
7.623;1.918751;-0.908101;;
7.624;1.918751;-0.908101;;
7.644;1.941598;-0.8972083;;
7.645;1.941612;-0.8972015;;
7.645;1.941891;-0.8970686;;
7.646;1.941891;-0.8970686;;
7.67;1.941766;-0.8971282;;
7.671;1.941869;-0.8970795;;
7.672;1.941885;-0.8970717;;
7.693;1.949611;-0.8932233;;
7.694;1.963386;-0.8860829;;
7.695;1.969499;-0.8829145;;
7.696;1.970789;-0.882246;;
7.697;1.970789;-0.882246;;
7.716;1.984466;-0.8748063;;
7.716;1.984645;-0.8747089;;
7.718;1.984805;-0.8746221;;
7.718;1.984816;-0.8746159;;
7.737;1.988524;-0.8725503;;
7.738;1.988561;-0.8725299;;
7.739;1.988569;-0.872525;;
7.748;1.988572;-0.8725235;;
7.758;2.005974;-0.8625431;;
7.759;2.00633;-0.8623391;;
7.76;2.006385;-0.8623073;;
7.761;2.006393;-0.8623027;;
7.781;2.021457;-0.8532754;;
7.781;2.021575;-0.8532045;;
7.782;2.021636;-0.8531681;;
7.783;2.021644;-0.8531631;;
7.801;2.05239;-0.8335747;;
7.802;2.052747;-0.8333476;;
7.803;2.052808;-0.8333089;;
7.804;2.052808;-0.8333089;;
7.823;2.055856;-0.8312787;;
7.823;2.055856;-0.8312787;;
7.824;2.055856;-0.8312787;;
7.825;2.055856;-0.8312787;;
7.843;2.062981;-0.8264695;;
7.844;2.063061;-0.8264154;;
7.845;2.076602;-0.8169864;;
7.864;2.084402;-0.8114591;;
7.865;2.08462;-0.8113065;;
7.866;2.084654;-0.8112823;;
7.885;2.098444;-0.8011622;;
7.886;2.098576;-0.8010651;;
7.886;2.098624;-0.8010299;;
7.887;2.098624;-0.8010299;;
7.906;2.11675;-0.787155;;
7.907;2.116927;-0.7870196;;
7.908;2.116986;-0.7869743;;
7.909;2.116986;-0.7869743;;
7.9235428;;;-0.954555500834614;-0.551036466490195
7.644;1.941598;-0.8972083;;
7.645;1.941612;-0.8972015;;
7.645;1.941891;-0.8970686;;
7.646;1.941891;-0.8970686;;
7.67;1.941766;-0.8971282;;
7.671;1.941869;-0.8970795;;
7.672;1.941885;-0.8970717;;
7.693;1.949611;-0.8932233;;
7.694;1.963386;-0.8860829;;
7.695;1.969499;-0.8829145;;
7.696;1.970789;-0.882246;;
7.697;1.970789;-0.882246;;
7.716;1.984466;-0.8748063;;
7.716;1.984645;-0.8747089;;
7.718;1.984805;-0.8746221;;
7.718;1.984816;-0.8746159;;
7.737;1.988524;-0.8725503;;
7.738;1.988561;-0.8725299;;
7.739;1.988569;-0.872525;;
7.748;1.988572;-0.8725235;;
7.758;2.005974;-0.8625431;;
7.759;2.00633;-0.8623391;;
7.76;2.006385;-0.8623073;;
7.761;2.006393;-0.8623027;;
7.781;2.021457;-0.8532754;;
7.781;2.021575;-0.8532045;;
7.782;2.021636;-0.8531681;;
7.783;2.021644;-0.8531631;;
7.801;2.05239;-0.8335747;;
7.802;2.052747;-0.8333476;;
7.803;2.052808;-0.8333089;;
7.804;2.052808;-0.8333089;;
7.823;2.055856;-0.8312787;;
7.823;2.055856;-0.8312787;;
7.824;2.055856;-0.8312787;;
7.825;2.055856;-0.8312787;;
7.843;2.062981;-0.8264695;;
7.844;2.063061;-0.8264154;;
7.845;2.076602;-0.8169864;;
7.864;2.084402;-0.8114591;;
7.865;2.08462;-0.8113065;;
7.866;2.084654;-0.8112823;;
7.885;2.098444;-0.8011622;;
7.886;2.098576;-0.8010651;;
7.886;2.098624;-0.8010299;;
7.887;2.098624;-0.8010299;;
7.906;2.11675;-0.787155;;
7.907;2.116927;-0.7870196;;
7.908;2.116986;-0.7869743;;
7.909;2.116986;-0.7869743;;
7.927;2.126291;-0.779588;;
7.927;2.126363;-0.7795311;;
7.928;2.126422;-0.7794839;;
7.929;2.126422;-0.7794839;;
7.9471052;;;-0.940234713160694;-0.621160918916298
7.693;1.949611;-0.8932233;;
7.694;1.963386;-0.8860829;;
7.695;1.969499;-0.8829145;;
7.696;1.970789;-0.882246;;
7.697;1.970789;-0.882246;;
7.716;1.984466;-0.8748063;;
7.716;1.984645;-0.8747089;;
7.718;1.984805;-0.8746221;;
7.718;1.984816;-0.8746159;;
7.737;1.988524;-0.8725503;;
7.738;1.988561;-0.8725299;;
7.739;1.988569;-0.872525;;
7.748;1.988572;-0.8725235;;
7.758;2.005974;-0.8625431;;
7.759;2.00633;-0.8623391;;
7.76;2.006385;-0.8623073;;
7.761;2.006393;-0.8623027;;
7.781;2.021457;-0.8532754;;
7.781;2.021575;-0.8532045;;
7.782;2.021636;-0.8531681;;
7.783;2.021644;-0.8531631;;
7.801;2.05239;-0.8335747;;
7.802;2.052747;-0.8333476;;
7.803;2.052808;-0.8333089;;
7.804;2.052808;-0.8333089;;
7.823;2.055856;-0.8312787;;
7.823;2.055856;-0.8312787;;
7.824;2.055856;-0.8312787;;
7.825;2.055856;-0.8312787;;
7.843;2.062981;-0.8264695;;
7.844;2.063061;-0.8264154;;
7.845;2.076602;-0.8169864;;
7.864;2.084402;-0.8114591;;
7.865;2.08462;-0.8113065;;
7.866;2.084654;-0.8112823;;
7.885;2.098444;-0.8011622;;
7.886;2.098576;-0.8010651;;
7.886;2.098624;-0.8010299;;
7.887;2.098624;-0.8010299;;
7.906;2.11675;-0.787155;;
7.907;2.116927;-0.7870196;;
7.908;2.116986;-0.7869743;;
7.909;2.116986;-0.7869743;;
7.927;2.126291;-0.779588;;
7.927;2.126363;-0.7795311;;
7.928;2.126422;-0.7794839;;
7.929;2.126422;-0.7794839;;
7.948;2.144822;-0.7643327;;
7.948;2.144822;-0.7643327;;
7.949;2.144822;-0.7643327;;
7.949;2.144822;-0.7643327;;
7.968;2.144706;-0.7644284;;
7.969;2.144797;-0.7643533;;
7.99;2.16229;-0.7492431;;
7.9907215;;;-0.910721196035568;-0.684887477578463
7.693;1.949611;-0.8932233;;
7.694;1.963386;-0.8860829;;
7.695;1.969499;-0.8829145;;
7.696;1.970789;-0.882246;;
7.697;1.970789;-0.882246;;
7.716;1.984466;-0.8748063;;
7.716;1.984645;-0.8747089;;
7.718;1.984805;-0.8746221;;
7.718;1.984816;-0.8746159;;
7.737;1.988524;-0.8725503;;
7.738;1.988561;-0.8725299;;
7.739;1.988569;-0.872525;;
7.748;1.988572;-0.8725235;;
7.758;2.005974;-0.8625431;;
7.759;2.00633;-0.8623391;;
7.76;2.006385;-0.8623073;;
7.761;2.006393;-0.8623027;;
7.781;2.021457;-0.8532754;;
7.781;2.021575;-0.8532045;;
7.782;2.021636;-0.8531681;;
7.783;2.021644;-0.8531631;;
7.801;2.05239;-0.8335747;;
7.802;2.052747;-0.8333476;;
7.803;2.052808;-0.8333089;;
7.804;2.052808;-0.8333089;;
7.823;2.055856;-0.8312787;;
7.823;2.055856;-0.8312787;;
7.824;2.055856;-0.8312787;;
7.825;2.055856;-0.8312787;;
7.843;2.062981;-0.8264695;;
7.844;2.063061;-0.8264154;;
7.845;2.076602;-0.8169864;;
7.864;2.084402;-0.8114591;;
7.865;2.08462;-0.8113065;;
7.866;2.084654;-0.8112823;;
7.885;2.098444;-0.8011622;;
7.886;2.098576;-0.8010651;;
7.886;2.098624;-0.8010299;;
7.887;2.098624;-0.8010299;;
7.906;2.11675;-0.787155;;
7.907;2.116927;-0.7870196;;
7.908;2.116986;-0.7869743;;
7.909;2.116986;-0.7869743;;
7.927;2.126291;-0.779588;;
7.927;2.126363;-0.7795311;;
7.928;2.126422;-0.7794839;;
7.929;2.126422;-0.7794839;;
7.948;2.144822;-0.7643327;;
7.948;2.144822;-0.7643327;;
7.949;2.144822;-0.7643327;;
7.949;2.144822;-0.7643327;;
7.968;2.144706;-0.7644284;;
7.969;2.144797;-0.7643533;;
7.99;2.16229;-0.7492431;;
8.0082674;;;-0.910721196035568;-0.747114252130958
7.758;2.005974;-0.8625431;;
7.759;2.00633;-0.8623391;;
7.76;2.006385;-0.8623073;;
7.761;2.006393;-0.8623027;;
7.781;2.021457;-0.8532754;;
7.781;2.021575;-0.8532045;;
7.782;2.021636;-0.8531681;;
7.783;2.021644;-0.8531631;;
7.801;2.05239;-0.8335747;;
7.802;2.052747;-0.8333476;;
7.803;2.052808;-0.8333089;;
7.804;2.052808;-0.8333089;;
7.823;2.055856;-0.8312787;;
7.823;2.055856;-0.8312787;;
7.824;2.055856;-0.8312787;;
7.825;2.055856;-0.8312787;;
7.843;2.062981;-0.8264695;;
7.844;2.063061;-0.8264154;;
7.845;2.076602;-0.8169864;;
7.864;2.084402;-0.8114591;;
7.865;2.08462;-0.8113065;;
7.866;2.084654;-0.8112823;;
7.885;2.098444;-0.8011622;;
7.886;2.098576;-0.8010651;;
7.886;2.098624;-0.8010299;;
7.887;2.098624;-0.8010299;;
7.906;2.11675;-0.787155;;
7.907;2.116927;-0.7870196;;
7.908;2.116986;-0.7869743;;
7.909;2.116986;-0.7869743;;
7.927;2.126291;-0.779588;;
7.927;2.126363;-0.7795311;;
7.928;2.126422;-0.7794839;;
7.929;2.126422;-0.7794839;;
7.948;2.144822;-0.7643327;;
7.948;2.144822;-0.7643327;;
7.949;2.144822;-0.7643327;;
7.949;2.144822;-0.7643327;;
7.968;2.144706;-0.7644284;;
7.969;2.144797;-0.7643533;;
7.99;2.16229;-0.7492431;;
7.99;2.165085;-0.7467616;;
7.991;2.166575;-0.7454377;;
7.992;2.166575;-0.7454377;;
7.993;2.166575;-0.7454377;;
7.993;2.166575;-0.7454377;;
8.012;2.173192;-0.7394661;;
8.013;2.173292;-0.7393767;;
8.014;2.173308;-0.7393618;;
8.033;2.183367;-0.7300728;;
8.034;2.183475;-0.7299737;;
8.035;2.192505;-0.7213885;;
8.036;2.194583;-0.7194127;;
8.054;2.198735;-0.7153807;;
8.055;2.198735;-0.7153807;;
8.055;2.198735;-0.7153807;;
8.0573979;;;-0.87417953824233;-0.784211060500918
7.781;2.021457;-0.8532754;;
7.781;2.021575;-0.8532045;;
7.782;2.021636;-0.8531681;;
7.783;2.021644;-0.8531631;;
7.801;2.05239;-0.8335747;;
7.802;2.052747;-0.8333476;;
7.803;2.052808;-0.8333089;;
7.804;2.052808;-0.8333089;;
7.823;2.055856;-0.8312787;;
7.823;2.055856;-0.8312787;;
7.824;2.055856;-0.8312787;;
7.825;2.055856;-0.8312787;;
7.843;2.062981;-0.8264695;;
7.844;2.063061;-0.8264154;;
7.845;2.076602;-0.8169864;;
7.864;2.084402;-0.8114591;;
7.865;2.08462;-0.8113065;;
7.866;2.084654;-0.8112823;;
7.885;2.098444;-0.8011622;;
7.886;2.098576;-0.8010651;;
7.886;2.098624;-0.8010299;;
7.887;2.098624;-0.8010299;;
7.906;2.11675;-0.787155;;
7.907;2.116927;-0.7870196;;
7.908;2.116986;-0.7869743;;
7.909;2.116986;-0.7869743;;
7.927;2.126291;-0.779588;;
7.927;2.126363;-0.7795311;;
7.928;2.126422;-0.7794839;;
7.929;2.126422;-0.7794839;;
7.948;2.144822;-0.7643327;;
7.948;2.144822;-0.7643327;;
7.949;2.144822;-0.7643327;;
7.949;2.144822;-0.7643327;;
7.968;2.144706;-0.7644284;;
7.969;2.144797;-0.7643533;;
7.99;2.16229;-0.7492431;;
7.99;2.165085;-0.7467616;;
7.991;2.166575;-0.7454377;;
7.992;2.166575;-0.7454377;;
7.993;2.166575;-0.7454377;;
7.993;2.166575;-0.7454377;;
8.012;2.173192;-0.7394661;;
8.013;2.173292;-0.7393767;;
8.014;2.173308;-0.7393618;;
8.033;2.183367;-0.7300728;;
8.034;2.183475;-0.7299737;;
8.035;2.192505;-0.7213885;;
8.036;2.194583;-0.7194127;;
8.054;2.198735;-0.7153807;;
8.055;2.198735;-0.7153807;;
8.055;2.198735;-0.7153807;;
8.075;2.204805;-0.7094004;;
8.076;2.204862;-0.7093443;;
8.076;2.204882;-0.7093242;;
8.0774511;;;-0.870027909161731;-0.821148190829316
7.823;2.055856;-0.8312787;;
7.823;2.055856;-0.8312787;;
7.824;2.055856;-0.8312787;;
7.825;2.055856;-0.8312787;;
7.843;2.062981;-0.8264695;;
7.844;2.063061;-0.8264154;;
7.845;2.076602;-0.8169864;;
7.864;2.084402;-0.8114591;;
7.865;2.08462;-0.8113065;;
7.866;2.084654;-0.8112823;;
7.885;2.098444;-0.8011622;;
7.886;2.098576;-0.8010651;;
7.886;2.098624;-0.8010299;;
7.887;2.098624;-0.8010299;;
7.906;2.11675;-0.787155;;
7.907;2.116927;-0.7870196;;
7.908;2.116986;-0.7869743;;
7.909;2.116986;-0.7869743;;
7.927;2.126291;-0.779588;;
7.927;2.126363;-0.7795311;;
7.928;2.126422;-0.7794839;;
7.929;2.126422;-0.7794839;;
7.948;2.144822;-0.7643327;;
7.948;2.144822;-0.7643327;;
7.949;2.144822;-0.7643327;;
7.949;2.144822;-0.7643327;;
7.968;2.144706;-0.7644284;;
7.969;2.144797;-0.7643533;;
7.99;2.16229;-0.7492431;;
7.99;2.165085;-0.7467616;;
7.991;2.166575;-0.7454377;;
7.992;2.166575;-0.7454377;;
7.993;2.166575;-0.7454377;;
7.993;2.166575;-0.7454377;;
8.012;2.173192;-0.7394661;;
8.013;2.173292;-0.7393767;;
8.014;2.173308;-0.7393618;;
8.033;2.183367;-0.7300728;;
8.034;2.183475;-0.7299737;;
8.035;2.192505;-0.7213885;;
8.036;2.194583;-0.7194127;;
8.054;2.198735;-0.7153807;;
8.055;2.198735;-0.7153807;;
8.055;2.198735;-0.7153807;;
8.075;2.204805;-0.7094004;;
8.076;2.204862;-0.7093443;;
8.076;2.204882;-0.7093242;;
8.077;2.211102;-0.7030893;;
8.096;2.22192;-0.6919715;;
8.097;2.222078;-0.6918103;;
8.098;2.222131;-0.6917566;;
8.098;2.222131;-0.6917566;;
8.117;2.235167;-0.6778824;;
8.118;2.235309;-0.6777312;;
8.119;2.23533;-0.6777092;;
8.119;2.235333;-0.6777053;;
8.124075;;;-0.892592006458045;-0.823794258074825
7.843;2.062981;-0.8264695;;
7.844;2.063061;-0.8264154;;
7.845;2.076602;-0.8169864;;
7.864;2.084402;-0.8114591;;
7.865;2.08462;-0.8113065;;
7.866;2.084654;-0.8112823;;
7.885;2.098444;-0.8011622;;
7.886;2.098576;-0.8010651;;
7.886;2.098624;-0.8010299;;
7.887;2.098624;-0.8010299;;
7.906;2.11675;-0.787155;;
7.907;2.116927;-0.7870196;;
7.908;2.116986;-0.7869743;;
7.909;2.116986;-0.7869743;;
7.927;2.126291;-0.779588;;
7.927;2.126363;-0.7795311;;
7.928;2.126422;-0.7794839;;
7.929;2.126422;-0.7794839;;
7.948;2.144822;-0.7643327;;
7.948;2.144822;-0.7643327;;
7.949;2.144822;-0.7643327;;
7.949;2.144822;-0.7643327;;
7.968;2.144706;-0.7644284;;
7.969;2.144797;-0.7643533;;
7.99;2.16229;-0.7492431;;
7.99;2.165085;-0.7467616;;
7.991;2.166575;-0.7454377;;
7.992;2.166575;-0.7454377;;
7.993;2.166575;-0.7454377;;
7.993;2.166575;-0.7454377;;
8.012;2.173192;-0.7394661;;
8.013;2.173292;-0.7393767;;
8.014;2.173308;-0.7393618;;
8.033;2.183367;-0.7300728;;
8.034;2.183475;-0.7299737;;
8.035;2.192505;-0.7213885;;
8.036;2.194583;-0.7194127;;
8.054;2.198735;-0.7153807;;
8.055;2.198735;-0.7153807;;
8.055;2.198735;-0.7153807;;
8.075;2.204805;-0.7094004;;
8.076;2.204862;-0.7093443;;
8.076;2.204882;-0.7093242;;
8.077;2.211102;-0.7030893;;
8.096;2.22192;-0.6919715;;
8.097;2.222078;-0.6918103;;
8.098;2.222131;-0.6917566;;
8.098;2.222131;-0.6917566;;
8.117;2.235167;-0.6778824;;
8.118;2.235309;-0.6777312;;
8.119;2.23533;-0.6777092;;
8.119;2.235333;-0.6777053;;
8.138;2.24113;-0.6713613;;
8.138;2.241175;-0.6713114;;
8.139;2.241199;-0.6712847;;
8.139;2.241204;-0.6712801;;
8.1431252;;;-0.915459267954025;-0.827400263209538
7.885;2.098444;-0.8011622;;
7.886;2.098576;-0.8010651;;
7.886;2.098624;-0.8010299;;
7.887;2.098624;-0.8010299;;
7.906;2.11675;-0.787155;;
7.907;2.116927;-0.7870196;;
7.908;2.116986;-0.7869743;;
7.909;2.116986;-0.7869743;;
7.927;2.126291;-0.779588;;
7.927;2.126363;-0.7795311;;
7.928;2.126422;-0.7794839;;
7.929;2.126422;-0.7794839;;
7.948;2.144822;-0.7643327;;
7.948;2.144822;-0.7643327;;
7.949;2.144822;-0.7643327;;
7.949;2.144822;-0.7643327;;
7.968;2.144706;-0.7644284;;
7.969;2.144797;-0.7643533;;
7.99;2.16229;-0.7492431;;
7.99;2.165085;-0.7467616;;
7.991;2.166575;-0.7454377;;
7.992;2.166575;-0.7454377;;
7.993;2.166575;-0.7454377;;
7.993;2.166575;-0.7454377;;
8.012;2.173192;-0.7394661;;
8.013;2.173292;-0.7393767;;
8.014;2.173308;-0.7393618;;
8.033;2.183367;-0.7300728;;
8.034;2.183475;-0.7299737;;
8.035;2.192505;-0.7213885;;
8.036;2.194583;-0.7194127;;
8.054;2.198735;-0.7153807;;
8.055;2.198735;-0.7153807;;
8.055;2.198735;-0.7153807;;
8.075;2.204805;-0.7094004;;
8.076;2.204862;-0.7093443;;
8.076;2.204882;-0.7093242;;
8.077;2.211102;-0.7030893;;
8.096;2.22192;-0.6919715;;
8.097;2.222078;-0.6918103;;
8.098;2.222131;-0.6917566;;
8.098;2.222131;-0.6917566;;
8.117;2.235167;-0.6778824;;
8.118;2.235309;-0.6777312;;
8.119;2.23533;-0.6777092;;
8.119;2.235333;-0.6777053;;
8.138;2.24113;-0.6713613;;
8.138;2.241175;-0.6713114;;
8.139;2.241199;-0.6712847;;
8.139;2.241204;-0.6712801;;
8.158;2.247046;-0.6647714;;
8.159;2.247105;-0.6647054;;
8.16;2.247122;-0.6646873;;
8.161;2.247122;-0.6646873;;
8.179;2.2664;-0.6423547;;
8.18;2.269168;-0.6390404;;
8.181;2.269736;-0.6383612;;
8.1912532;;;-0.964549211101916;-0.829655290219766
7.906;2.11675;-0.787155;;
7.907;2.116927;-0.7870196;;
7.908;2.116986;-0.7869743;;
7.909;2.116986;-0.7869743;;
7.927;2.126291;-0.779588;;
7.927;2.126363;-0.7795311;;
7.928;2.126422;-0.7794839;;
7.929;2.126422;-0.7794839;;
7.948;2.144822;-0.7643327;;
7.948;2.144822;-0.7643327;;
7.949;2.144822;-0.7643327;;
7.949;2.144822;-0.7643327;;
7.968;2.144706;-0.7644284;;
7.969;2.144797;-0.7643533;;
7.99;2.16229;-0.7492431;;
7.99;2.165085;-0.7467616;;
7.991;2.166575;-0.7454377;;
7.992;2.166575;-0.7454377;;
7.993;2.166575;-0.7454377;;
7.993;2.166575;-0.7454377;;
8.012;2.173192;-0.7394661;;
8.013;2.173292;-0.7393767;;
8.014;2.173308;-0.7393618;;
8.033;2.183367;-0.7300728;;
8.034;2.183475;-0.7299737;;
8.035;2.192505;-0.7213885;;
8.036;2.194583;-0.7194127;;
8.054;2.198735;-0.7153807;;
8.055;2.198735;-0.7153807;;
8.055;2.198735;-0.7153807;;
8.075;2.204805;-0.7094004;;
8.076;2.204862;-0.7093443;;
8.076;2.204882;-0.7093242;;
8.077;2.211102;-0.7030893;;
8.096;2.22192;-0.6919715;;
8.097;2.222078;-0.6918103;;
8.098;2.222131;-0.6917566;;
8.098;2.222131;-0.6917566;;
8.117;2.235167;-0.6778824;;
8.118;2.235309;-0.6777312;;
8.119;2.23533;-0.6777092;;
8.119;2.235333;-0.6777053;;
8.138;2.24113;-0.6713613;;
8.138;2.241175;-0.6713114;;
8.139;2.241199;-0.6712847;;
8.139;2.241204;-0.6712801;;
8.158;2.247046;-0.6647714;;
8.159;2.247105;-0.6647054;;
8.16;2.247122;-0.6646873;;
8.161;2.247122;-0.6646873;;
8.179;2.2664;-0.6423547;;
8.18;2.269168;-0.6390404;;
8.181;2.269736;-0.6383612;;
8.201;2.27549;-0.6313593;;
8.202;2.275539;-0.6312999;;
8.203;2.275554;-0.6312808;;
8.203;2.275555;-0.6312797;;
8.215818;;;-0.974111649982232;-0.830417192284823
7.949;2.144822;-0.7643327;;
7.949;2.144822;-0.7643327;;
7.968;2.144706;-0.7644284;;
7.969;2.144797;-0.7643533;;
7.99;2.16229;-0.7492431;;
7.99;2.165085;-0.7467616;;
7.991;2.166575;-0.7454377;;
7.992;2.166575;-0.7454377;;
7.993;2.166575;-0.7454377;;
7.993;2.166575;-0.7454377;;
8.012;2.173192;-0.7394661;;
8.013;2.173292;-0.7393767;;
8.014;2.173308;-0.7393618;;
8.033;2.183367;-0.7300728;;
8.034;2.183475;-0.7299737;;
8.035;2.192505;-0.7213885;;
8.036;2.194583;-0.7194127;;
8.054;2.198735;-0.7153807;;
8.055;2.198735;-0.7153807;;
8.055;2.198735;-0.7153807;;
8.075;2.204805;-0.7094004;;
8.076;2.204862;-0.7093443;;
8.076;2.204882;-0.7093242;;
8.077;2.211102;-0.7030893;;
8.096;2.22192;-0.6919715;;
8.097;2.222078;-0.6918103;;
8.098;2.222131;-0.6917566;;
8.098;2.222131;-0.6917566;;
8.117;2.235167;-0.6778824;;
8.118;2.235309;-0.6777312;;
8.119;2.23533;-0.6777092;;
8.119;2.235333;-0.6777053;;
8.138;2.24113;-0.6713613;;
8.138;2.241175;-0.6713114;;
8.139;2.241199;-0.6712847;;
8.139;2.241204;-0.6712801;;
8.158;2.247046;-0.6647714;;
8.159;2.247105;-0.6647054;;
8.16;2.247122;-0.6646873;;
8.161;2.247122;-0.6646873;;
8.179;2.2664;-0.6423547;;
8.18;2.269168;-0.6390404;;
8.181;2.269736;-0.6383612;;
8.201;2.27549;-0.6313593;;
8.202;2.275539;-0.6312999;;
8.203;2.275554;-0.6312808;;
8.203;2.275555;-0.6312797;;
8.223;2.280936;-0.6246105;;
8.224;2.280984;-0.6245506;;
8.224;2.28099;-0.6245439;;
8.245;2.292855;-0.6094067;;
8.246;2.29297;-0.6092593;;
8.247;2.292991;-0.6092329;;
8.248;2.299545;-0.6005691;;
8.248;2.302059;-0.5972444;;
8.2584318;;;-0.956142066752371;-0.832070141458181
7.99;2.16229;-0.7492431;;
7.99;2.165085;-0.7467616;;
7.991;2.166575;-0.7454377;;
7.992;2.166575;-0.7454377;;
7.993;2.166575;-0.7454377;;
7.993;2.166575;-0.7454377;;
8.012;2.173192;-0.7394661;;
8.013;2.173292;-0.7393767;;
8.014;2.173308;-0.7393618;;
8.033;2.183367;-0.7300728;;
8.034;2.183475;-0.7299737;;
8.035;2.192505;-0.7213885;;
8.036;2.194583;-0.7194127;;
8.054;2.198735;-0.7153807;;
8.055;2.198735;-0.7153807;;
8.055;2.198735;-0.7153807;;
8.075;2.204805;-0.7094004;;
8.076;2.204862;-0.7093443;;
8.076;2.204882;-0.7093242;;
8.077;2.211102;-0.7030893;;
8.096;2.22192;-0.6919715;;
8.097;2.222078;-0.6918103;;
8.098;2.222131;-0.6917566;;
8.098;2.222131;-0.6917566;;
8.117;2.235167;-0.6778824;;
8.118;2.235309;-0.6777312;;
8.119;2.23533;-0.6777092;;
8.119;2.235333;-0.6777053;;
8.138;2.24113;-0.6713613;;
8.138;2.241175;-0.6713114;;
8.139;2.241199;-0.6712847;;
8.139;2.241204;-0.6712801;;
8.158;2.247046;-0.6647714;;
8.159;2.247105;-0.6647054;;
8.16;2.247122;-0.6646873;;
8.161;2.247122;-0.6646873;;
8.179;2.2664;-0.6423547;;
8.18;2.269168;-0.6390404;;
8.181;2.269736;-0.6383612;;
8.201;2.27549;-0.6313593;;
8.202;2.275539;-0.6312999;;
8.203;2.275554;-0.6312808;;
8.203;2.275555;-0.6312797;;
8.223;2.280936;-0.6246105;;
8.224;2.280984;-0.6245506;;
8.224;2.28099;-0.6245439;;
8.245;2.292855;-0.6094067;;
8.246;2.29297;-0.6092593;;
8.247;2.292991;-0.6092329;;
8.248;2.299545;-0.6005691;;
8.248;2.302059;-0.5972444;;
8.268;2.307696;-0.5895991;;
8.268;2.307696;-0.5895991;;
8.269;2.307696;-0.5895991;;
8.2804899;;;-0.934327711890102;-0.835387917942713
8.033;2.183367;-0.7300728;;
8.034;2.183475;-0.7299737;;
8.035;2.192505;-0.7213885;;
8.036;2.194583;-0.7194127;;
8.054;2.198735;-0.7153807;;
8.055;2.198735;-0.7153807;;
8.055;2.198735;-0.7153807;;
8.075;2.204805;-0.7094004;;
8.076;2.204862;-0.7093443;;
8.076;2.204882;-0.7093242;;
8.077;2.211102;-0.7030893;;
8.096;2.22192;-0.6919715;;
8.097;2.222078;-0.6918103;;
8.098;2.222131;-0.6917566;;
8.098;2.222131;-0.6917566;;
8.117;2.235167;-0.6778824;;
8.118;2.235309;-0.6777312;;
8.119;2.23533;-0.6777092;;
8.119;2.235333;-0.6777053;;
8.138;2.24113;-0.6713613;;
8.138;2.241175;-0.6713114;;
8.139;2.241199;-0.6712847;;
8.139;2.241204;-0.6712801;;
8.158;2.247046;-0.6647714;;
8.159;2.247105;-0.6647054;;
8.16;2.247122;-0.6646873;;
8.161;2.247122;-0.6646873;;
8.179;2.2664;-0.6423547;;
8.18;2.269168;-0.6390404;;
8.181;2.269736;-0.6383612;;
8.201;2.27549;-0.6313593;;
8.202;2.275539;-0.6312999;;
8.203;2.275554;-0.6312808;;
8.203;2.275555;-0.6312797;;
8.223;2.280936;-0.6246105;;
8.224;2.280984;-0.6245506;;
8.224;2.28099;-0.6245439;;
8.245;2.292855;-0.6094067;;
8.246;2.29297;-0.6092593;;
8.247;2.292991;-0.6092329;;
8.248;2.299545;-0.6005691;;
8.248;2.302059;-0.5972444;;
8.268;2.307696;-0.5895991;;
8.268;2.307696;-0.5895991;;
8.269;2.307696;-0.5895991;;
8.288;2.312912;-0.5823868;;
8.288;2.312912;-0.5823868;;
8.289;2.312912;-0.5823868;;
8.29;2.312912;-0.5823868;;
8.309;2.32276;-0.568385;;
8.309;2.322834;-0.5682808;;
8.31;2.322892;-0.5681984;;
8.311;2.322892;-0.5681984;;
8.33;2.337552;-0.5463578;;
8.33;2.337552;-0.5463578;;
8.331;2.337552;-0.5463578;;
8.331;2.337552;-0.5463578;;
8.3361373;;;-0.813731186729274;-0.834239156458324
8.054;2.198735;-0.7153807;;
8.055;2.198735;-0.7153807;;
8.055;2.198735;-0.7153807;;
8.075;2.204805;-0.7094004;;
8.076;2.204862;-0.7093443;;
8.076;2.204882;-0.7093242;;
8.077;2.211102;-0.7030893;;
8.096;2.22192;-0.6919715;;
8.097;2.222078;-0.6918103;;
8.098;2.222131;-0.6917566;;
8.098;2.222131;-0.6917566;;
8.117;2.235167;-0.6778824;;
8.118;2.235309;-0.6777312;;
8.119;2.23533;-0.6777092;;
8.119;2.235333;-0.6777053;;
8.138;2.24113;-0.6713613;;
8.138;2.241175;-0.6713114;;
8.139;2.241199;-0.6712847;;
8.139;2.241204;-0.6712801;;
8.158;2.247046;-0.6647714;;
8.159;2.247105;-0.6647054;;
8.16;2.247122;-0.6646873;;
8.161;2.247122;-0.6646873;;
8.179;2.2664;-0.6423547;;
8.18;2.269168;-0.6390404;;
8.181;2.269736;-0.6383612;;
8.201;2.27549;-0.6313593;;
8.202;2.275539;-0.6312999;;
8.203;2.275554;-0.6312808;;
8.203;2.275555;-0.6312797;;
8.223;2.280936;-0.6246105;;
8.224;2.280984;-0.6245506;;
8.224;2.28099;-0.6245439;;
8.245;2.292855;-0.6094067;;
8.246;2.29297;-0.6092593;;
8.247;2.292991;-0.6092329;;
8.248;2.299545;-0.6005691;;
8.248;2.302059;-0.5972444;;
8.268;2.307696;-0.5895991;;
8.268;2.307696;-0.5895991;;
8.269;2.307696;-0.5895991;;
8.288;2.312912;-0.5823868;;
8.288;2.312912;-0.5823868;;
8.289;2.312912;-0.5823868;;
8.29;2.312912;-0.5823868;;
8.309;2.32276;-0.568385;;
8.309;2.322834;-0.5682808;;
8.31;2.322892;-0.5681984;;
8.311;2.322892;-0.5681984;;
8.33;2.337552;-0.5463578;;
8.33;2.337552;-0.5463578;;
8.331;2.337552;-0.5463578;;
8.331;2.337552;-0.5463578;;
8.35;2.342326;-0.538968;;
8.35;2.342366;-0.5389064;;
8.351;2.342384;-0.5388778;;
8.352;2.342388;-0.5388718;;
8.3546873;;;-0.773527885171499;-0.83160138380513
8.096;2.22192;-0.6919715;;
8.097;2.222078;-0.6918103;;
8.098;2.222131;-0.6917566;;
8.098;2.222131;-0.6917566;;
8.117;2.235167;-0.6778824;;
8.118;2.235309;-0.6777312;;
8.119;2.23533;-0.6777092;;
8.119;2.235333;-0.6777053;;
8.138;2.24113;-0.6713613;;
8.138;2.241175;-0.6713114;;
8.139;2.241199;-0.6712847;;
8.139;2.241204;-0.6712801;;
8.158;2.247046;-0.6647714;;
8.159;2.247105;-0.6647054;;
8.16;2.247122;-0.6646873;;
8.161;2.247122;-0.6646873;;
8.179;2.2664;-0.6423547;;
8.18;2.269168;-0.6390404;;
8.181;2.269736;-0.6383612;;
8.201;2.27549;-0.6313593;;
8.202;2.275539;-0.6312999;;
8.203;2.275554;-0.6312808;;
8.203;2.275555;-0.6312797;;
8.223;2.280936;-0.6246105;;
8.224;2.280984;-0.6245506;;
8.224;2.28099;-0.6245439;;
8.245;2.292855;-0.6094067;;
8.246;2.29297;-0.6092593;;
8.247;2.292991;-0.6092329;;
8.248;2.299545;-0.6005691;;
8.248;2.302059;-0.5972444;;
8.268;2.307696;-0.5895991;;
8.268;2.307696;-0.5895991;;
8.269;2.307696;-0.5895991;;
8.288;2.312912;-0.5823868;;
8.288;2.312912;-0.5823868;;
8.289;2.312912;-0.5823868;;
8.29;2.312912;-0.5823868;;
8.309;2.32276;-0.568385;;
8.309;2.322834;-0.5682808;;
8.31;2.322892;-0.5681984;;
8.311;2.322892;-0.5681984;;
8.33;2.337552;-0.5463578;;
8.33;2.337552;-0.5463578;;
8.331;2.337552;-0.5463578;;
8.331;2.337552;-0.5463578;;
8.35;2.342326;-0.538968;;
8.35;2.342366;-0.5389064;;
8.351;2.342384;-0.5388778;;
8.352;2.342388;-0.5388718;;
8.37;2.346896;-0.531758;;
8.371;2.346945;-0.5316811;;
8.372;2.346954;-0.5316654;;
8.372;2.346956;-0.5316628;;
8.392;2.364724;-0.5022177;;
8.393;2.364993;-0.5017729;;
8.403316;;;-0.764392971897249;-0.85146440659833
8.119;2.23533;-0.6777092;;
8.119;2.235333;-0.6777053;;
8.138;2.24113;-0.6713613;;
8.138;2.241175;-0.6713114;;
8.139;2.241199;-0.6712847;;
8.139;2.241204;-0.6712801;;
8.158;2.247046;-0.6647714;;
8.159;2.247105;-0.6647054;;
8.16;2.247122;-0.6646873;;
8.161;2.247122;-0.6646873;;
8.179;2.2664;-0.6423547;;
8.18;2.269168;-0.6390404;;
8.181;2.269736;-0.6383612;;
8.201;2.27549;-0.6313593;;
8.202;2.275539;-0.6312999;;
8.203;2.275554;-0.6312808;;
8.203;2.275555;-0.6312797;;
8.223;2.280936;-0.6246105;;
8.224;2.280984;-0.6245506;;
8.224;2.28099;-0.6245439;;
8.245;2.292855;-0.6094067;;
8.246;2.29297;-0.6092593;;
8.247;2.292991;-0.6092329;;
8.248;2.299545;-0.6005691;;
8.248;2.302059;-0.5972444;;
8.268;2.307696;-0.5895991;;
8.268;2.307696;-0.5895991;;
8.269;2.307696;-0.5895991;;
8.288;2.312912;-0.5823868;;
8.288;2.312912;-0.5823868;;
8.289;2.312912;-0.5823868;;
8.29;2.312912;-0.5823868;;
8.309;2.32276;-0.568385;;
8.309;2.322834;-0.5682808;;
8.31;2.322892;-0.5681984;;
8.311;2.322892;-0.5681984;;
8.33;2.337552;-0.5463578;;
8.33;2.337552;-0.5463578;;
8.331;2.337552;-0.5463578;;
8.331;2.337552;-0.5463578;;
8.35;2.342326;-0.538968;;
8.35;2.342366;-0.5389064;;
8.351;2.342384;-0.5388778;;
8.352;2.342388;-0.5388718;;
8.37;2.346896;-0.531758;;
8.371;2.346945;-0.5316811;;
8.372;2.346954;-0.5316654;;
8.372;2.346956;-0.5316628;;
8.392;2.364724;-0.5022177;;
8.393;2.364993;-0.5017729;;
8.415;2.369461;-0.4939996;;
8.416;2.369498;-0.493936;;
8.416;2.369502;-0.4939285;;
8.417;2.36951;-0.493915;;
8.417;2.369513;-0.4939094;;
8.418;2.369513;-0.4939094;;
8.4238707;;;-0.83560979959676;-0.87449719358431
8.161;2.247122;-0.6646873;;
8.179;2.2664;-0.6423547;;
8.18;2.269168;-0.6390404;;
8.181;2.269736;-0.6383612;;
8.201;2.27549;-0.6313593;;
8.202;2.275539;-0.6312999;;
8.203;2.275554;-0.6312808;;
8.203;2.275555;-0.6312797;;
8.223;2.280936;-0.6246105;;
8.224;2.280984;-0.6245506;;
8.224;2.28099;-0.6245439;;
8.245;2.292855;-0.6094067;;
8.246;2.29297;-0.6092593;;
8.247;2.292991;-0.6092329;;
8.248;2.299545;-0.6005691;;
8.248;2.302059;-0.5972444;;
8.268;2.307696;-0.5895991;;
8.268;2.307696;-0.5895991;;
8.269;2.307696;-0.5895991;;
8.288;2.312912;-0.5823868;;
8.288;2.312912;-0.5823868;;
8.289;2.312912;-0.5823868;;
8.29;2.312912;-0.5823868;;
8.309;2.32276;-0.568385;;
8.309;2.322834;-0.5682808;;
8.31;2.322892;-0.5681984;;
8.311;2.322892;-0.5681984;;
8.33;2.337552;-0.5463578;;
8.33;2.337552;-0.5463578;;
8.331;2.337552;-0.5463578;;
8.331;2.337552;-0.5463578;;
8.35;2.342326;-0.538968;;
8.35;2.342366;-0.5389064;;
8.351;2.342384;-0.5388778;;
8.352;2.342388;-0.5388718;;
8.37;2.346896;-0.531758;;
8.371;2.346945;-0.5316811;;
8.372;2.346954;-0.5316654;;
8.372;2.346956;-0.5316628;;
8.392;2.364724;-0.5022177;;
8.393;2.364993;-0.5017729;;
8.415;2.369461;-0.4939996;;
8.416;2.369498;-0.493936;;
8.416;2.369502;-0.4939285;;
8.417;2.36951;-0.493915;;
8.417;2.369513;-0.4939094;;
8.418;2.369513;-0.4939094;;
8.437;2.373792;-0.4863002;;
8.438;2.373792;-0.4863002;;
8.438;2.373792;-0.4863002;;
8.458;2.381459;-0.4722598;;
8.459;2.381459;-0.4722598;;
8.46;2.388016;-0.4597372;;
8.461;2.389718;-0.4564865;;
8.4704944;;;-0.882217847638001;-0.89637263343091
8.201;2.27549;-0.6313593;;
8.202;2.275539;-0.6312999;;
8.203;2.275554;-0.6312808;;
8.203;2.275555;-0.6312797;;
8.223;2.280936;-0.6246105;;
8.224;2.280984;-0.6245506;;
8.224;2.28099;-0.6245439;;
8.245;2.292855;-0.6094067;;
8.246;2.29297;-0.6092593;;
8.247;2.292991;-0.6092329;;
8.248;2.299545;-0.6005691;;
8.248;2.302059;-0.5972444;;
8.268;2.307696;-0.5895991;;
8.268;2.307696;-0.5895991;;
8.269;2.307696;-0.5895991;;
8.288;2.312912;-0.5823868;;
8.288;2.312912;-0.5823868;;
8.289;2.312912;-0.5823868;;
8.29;2.312912;-0.5823868;;
8.309;2.32276;-0.568385;;
8.309;2.322834;-0.5682808;;
8.31;2.322892;-0.5681984;;
8.311;2.322892;-0.5681984;;
8.33;2.337552;-0.5463578;;
8.33;2.337552;-0.5463578;;
8.331;2.337552;-0.5463578;;
8.331;2.337552;-0.5463578;;
8.35;2.342326;-0.538968;;
8.35;2.342366;-0.5389064;;
8.351;2.342384;-0.5388778;;
8.352;2.342388;-0.5388718;;
8.37;2.346896;-0.531758;;
8.371;2.346945;-0.5316811;;
8.372;2.346954;-0.5316654;;
8.372;2.346956;-0.5316628;;
8.392;2.364724;-0.5022177;;
8.393;2.364993;-0.5017729;;
8.415;2.369461;-0.4939996;;
8.416;2.369498;-0.493936;;
8.416;2.369502;-0.4939285;;
8.417;2.36951;-0.493915;;
8.417;2.369513;-0.4939094;;
8.418;2.369513;-0.4939094;;
8.437;2.373792;-0.4863002;;
8.438;2.373792;-0.4863002;;
8.438;2.373792;-0.4863002;;
8.458;2.381459;-0.4722598;;
8.459;2.381459;-0.4722598;;
8.46;2.388016;-0.4597372;;
8.461;2.389718;-0.4564865;;
8.48;2.394283;-0.4474997;;
8.481;2.394333;-0.4474021;;
8.482;2.39434;-0.4473875;;
8.4875393;;;-0.90850436059963;-0.905012250181552
8.245;2.292855;-0.6094067;;
8.246;2.29297;-0.6092593;;
8.247;2.292991;-0.6092329;;
8.248;2.299545;-0.6005691;;
8.248;2.302059;-0.5972444;;
8.268;2.307696;-0.5895991;;
8.268;2.307696;-0.5895991;;
8.269;2.307696;-0.5895991;;
8.288;2.312912;-0.5823868;;
8.288;2.312912;-0.5823868;;
8.289;2.312912;-0.5823868;;
8.29;2.312912;-0.5823868;;
8.309;2.32276;-0.568385;;
8.309;2.322834;-0.5682808;;
8.31;2.322892;-0.5681984;;
8.311;2.322892;-0.5681984;;
8.33;2.337552;-0.5463578;;
8.33;2.337552;-0.5463578;;
8.331;2.337552;-0.5463578;;
8.331;2.337552;-0.5463578;;
8.35;2.342326;-0.538968;;
8.35;2.342366;-0.5389064;;
8.351;2.342384;-0.5388778;;
8.352;2.342388;-0.5388718;;
8.37;2.346896;-0.531758;;
8.371;2.346945;-0.5316811;;
8.372;2.346954;-0.5316654;;
8.372;2.346956;-0.5316628;;
8.392;2.364724;-0.5022177;;
8.393;2.364993;-0.5017729;;
8.415;2.369461;-0.4939996;;
8.416;2.369498;-0.493936;;
8.416;2.369502;-0.4939285;;
8.417;2.36951;-0.493915;;
8.417;2.369513;-0.4939094;;
8.418;2.369513;-0.4939094;;
8.437;2.373792;-0.4863002;;
8.438;2.373792;-0.4863002;;
8.438;2.373792;-0.4863002;;
8.458;2.381459;-0.4722598;;
8.459;2.381459;-0.4722598;;
8.46;2.388016;-0.4597372;;
8.461;2.389718;-0.4564865;;
8.48;2.394283;-0.4474997;;
8.481;2.394333;-0.4474021;;
8.482;2.39434;-0.4473875;;
8.502;2.398066;-0.4398584;;
8.503;2.401201;-0.4333452;;
8.504;2.403591;-0.42838;;
8.505;2.403936;-0.4276632;;
8.524;2.409273;-0.4161983;;
8.525;2.409331;-0.4160727;;
8.526;2.409339;-0.416055;;
8.527;2.412254;-0.4096088;;
8.5376728;;;-0.957462344891006;-0.911614781626091
8.247;2.292991;-0.6092329;;
8.248;2.299545;-0.6005691;;
8.248;2.302059;-0.5972444;;
8.268;2.307696;-0.5895991;;
8.268;2.307696;-0.5895991;;
8.269;2.307696;-0.5895991;;
8.288;2.312912;-0.5823868;;
8.288;2.312912;-0.5823868;;
8.289;2.312912;-0.5823868;;
8.29;2.312912;-0.5823868;;
8.309;2.32276;-0.568385;;
8.309;2.322834;-0.5682808;;
8.31;2.322892;-0.5681984;;
8.311;2.322892;-0.5681984;;
8.33;2.337552;-0.5463578;;
8.33;2.337552;-0.5463578;;
8.331;2.337552;-0.5463578;;
8.331;2.337552;-0.5463578;;
8.35;2.342326;-0.538968;;
8.35;2.342366;-0.5389064;;
8.351;2.342384;-0.5388778;;
8.352;2.342388;-0.5388718;;
8.37;2.346896;-0.531758;;
8.371;2.346945;-0.5316811;;
8.372;2.346954;-0.5316654;;
8.372;2.346956;-0.5316628;;
8.392;2.364724;-0.5022177;;
8.393;2.364993;-0.5017729;;
8.415;2.369461;-0.4939996;;
8.416;2.369498;-0.493936;;
8.416;2.369502;-0.4939285;;
8.417;2.36951;-0.493915;;
8.417;2.369513;-0.4939094;;
8.418;2.369513;-0.4939094;;
8.437;2.373792;-0.4863002;;
8.438;2.373792;-0.4863002;;
8.438;2.373792;-0.4863002;;
8.458;2.381459;-0.4722598;;
8.459;2.381459;-0.4722598;;
8.46;2.388016;-0.4597372;;
8.461;2.389718;-0.4564865;;
8.48;2.394283;-0.4474997;;
8.481;2.394333;-0.4474021;;
8.482;2.39434;-0.4473875;;
8.502;2.398066;-0.4398584;;
8.503;2.401201;-0.4333452;;
8.504;2.403591;-0.42838;;
8.505;2.403936;-0.4276632;;
8.524;2.409273;-0.4161983;;
8.525;2.409331;-0.4160727;;
8.526;2.409339;-0.416055;;
8.527;2.412254;-0.4096088;;
8.545;2.416591;-0.3998225;;
8.545;2.41663;-0.3997351;;
8.546;2.416648;-0.399696;;
8.546;2.416651;-0.3996893;;
8.5602324;;;-0.954360070673949;-0.914324037403512
8.288;2.312912;-0.5823868;;
8.288;2.312912;-0.5823868;;
8.289;2.312912;-0.5823868;;
8.29;2.312912;-0.5823868;;
8.309;2.32276;-0.568385;;
8.309;2.322834;-0.5682808;;
8.31;2.322892;-0.5681984;;
8.311;2.322892;-0.5681984;;
8.33;2.337552;-0.5463578;;
8.33;2.337552;-0.5463578;;
8.331;2.337552;-0.5463578;;
8.331;2.337552;-0.5463578;;
8.35;2.342326;-0.538968;;
8.35;2.342366;-0.5389064;;
8.351;2.342384;-0.5388778;;
8.352;2.342388;-0.5388718;;
8.37;2.346896;-0.531758;;
8.371;2.346945;-0.5316811;;
8.372;2.346954;-0.5316654;;
8.372;2.346956;-0.5316628;;
8.392;2.364724;-0.5022177;;
8.393;2.364993;-0.5017729;;
8.415;2.369461;-0.4939996;;
8.416;2.369498;-0.493936;;
8.416;2.369502;-0.4939285;;
8.417;2.36951;-0.493915;;
8.417;2.369513;-0.4939094;;
8.418;2.369513;-0.4939094;;
8.437;2.373792;-0.4863002;;
8.438;2.373792;-0.4863002;;
8.438;2.373792;-0.4863002;;
8.458;2.381459;-0.4722598;;
8.459;2.381459;-0.4722598;;
8.46;2.388016;-0.4597372;;
8.461;2.389718;-0.4564865;;
8.48;2.394283;-0.4474997;;
8.481;2.394333;-0.4474021;;
8.482;2.39434;-0.4473875;;
8.502;2.398066;-0.4398584;;
8.503;2.401201;-0.4333452;;
8.504;2.403591;-0.42838;;
8.505;2.403936;-0.4276632;;
8.524;2.409273;-0.4161983;;
8.525;2.409331;-0.4160727;;
8.526;2.409339;-0.416055;;
8.527;2.412254;-0.4096088;;
8.545;2.416591;-0.3998225;;
8.545;2.41663;-0.3997351;;
8.546;2.416648;-0.399696;;
8.546;2.416651;-0.3996893;;
8.565;2.425308;-0.379207;;
8.566;2.425397;-0.3789965;;
8.567;2.42542;-0.3789436;;
8.568;2.42542;-0.3789436;;
8.586;2.432385;-0.3614609;;
8.587;2.432451;-0.361294;;
8.587;2.432481;-0.3612183;;
8.588;2.432481;-0.3612183;;
8.6043495;;;-0.917401173389864;-0.912919252708966
8.288;2.312912;-0.5823868;;
8.288;2.312912;-0.5823868;;
8.289;2.312912;-0.5823868;;
8.29;2.312912;-0.5823868;;
8.309;2.32276;-0.568385;;
8.309;2.322834;-0.5682808;;
8.31;2.322892;-0.5681984;;
8.311;2.322892;-0.5681984;;
8.33;2.337552;-0.5463578;;
8.33;2.337552;-0.5463578;;
8.331;2.337552;-0.5463578;;
8.331;2.337552;-0.5463578;;
8.35;2.342326;-0.538968;;
8.35;2.342366;-0.5389064;;
8.351;2.342384;-0.5388778;;
8.352;2.342388;-0.5388718;;
8.37;2.346896;-0.531758;;
8.371;2.346945;-0.5316811;;
8.372;2.346954;-0.5316654;;
8.372;2.346956;-0.5316628;;
8.392;2.364724;-0.5022177;;
8.393;2.364993;-0.5017729;;
8.415;2.369461;-0.4939996;;
8.416;2.369498;-0.493936;;
8.416;2.369502;-0.4939285;;
8.417;2.36951;-0.493915;;
8.417;2.369513;-0.4939094;;
8.418;2.369513;-0.4939094;;
8.437;2.373792;-0.4863002;;
8.438;2.373792;-0.4863002;;
8.438;2.373792;-0.4863002;;
8.458;2.381459;-0.4722598;;
8.459;2.381459;-0.4722598;;
8.46;2.388016;-0.4597372;;
8.461;2.389718;-0.4564865;;
8.48;2.394283;-0.4474997;;
8.481;2.394333;-0.4474021;;
8.482;2.39434;-0.4473875;;
8.502;2.398066;-0.4398584;;
8.503;2.401201;-0.4333452;;
8.504;2.403591;-0.42838;;
8.505;2.403936;-0.4276632;;
8.524;2.409273;-0.4161983;;
8.525;2.409331;-0.4160727;;
8.526;2.409339;-0.416055;;
8.527;2.412254;-0.4096088;;
8.545;2.416591;-0.3998225;;
8.545;2.41663;-0.3997351;;
8.546;2.416648;-0.399696;;
8.546;2.416651;-0.3996893;;
8.565;2.425308;-0.379207;;
8.566;2.425397;-0.3789965;;
8.567;2.42542;-0.3789436;;
8.568;2.42542;-0.3789436;;
8.586;2.432385;-0.3614609;;
8.587;2.432451;-0.361294;;
8.587;2.432481;-0.3612183;;
8.588;2.432481;-0.3612183;;
8.6249037;;;-0.917401173389864;-0.911405462703435
8.372;2.346954;-0.5316654;;
8.372;2.346956;-0.5316628;;
8.392;2.364724;-0.5022177;;
8.393;2.364993;-0.5017729;;
8.415;2.369461;-0.4939996;;
8.416;2.369498;-0.493936;;
8.416;2.369502;-0.4939285;;
8.417;2.36951;-0.493915;;
8.417;2.369513;-0.4939094;;
8.418;2.369513;-0.4939094;;
8.437;2.373792;-0.4863002;;
8.438;2.373792;-0.4863002;;
8.438;2.373792;-0.4863002;;
8.458;2.381459;-0.4722598;;
8.459;2.381459;-0.4722598;;
8.46;2.388016;-0.4597372;;
8.461;2.389718;-0.4564865;;
8.48;2.394283;-0.4474997;;
8.481;2.394333;-0.4474021;;
8.482;2.39434;-0.4473875;;
8.502;2.398066;-0.4398584;;
8.503;2.401201;-0.4333452;;
8.504;2.403591;-0.42838;;
8.505;2.403936;-0.4276632;;
8.524;2.409273;-0.4161983;;
8.525;2.409331;-0.4160727;;
8.526;2.409339;-0.416055;;
8.527;2.412254;-0.4096088;;
8.545;2.416591;-0.3998225;;
8.545;2.41663;-0.3997351;;
8.546;2.416648;-0.399696;;
8.546;2.416651;-0.3996893;;
8.565;2.425308;-0.379207;;
8.566;2.425397;-0.3789965;;
8.567;2.42542;-0.3789436;;
8.568;2.42542;-0.3789436;;
8.586;2.432385;-0.3614609;;
8.587;2.432451;-0.361294;;
8.587;2.432481;-0.3612183;;
8.588;2.432481;-0.3612183;;
8.607;2.436328;-0.3511248;;
8.608;2.436331;-0.3511179;;
8.628;2.439346;-0.342968;;
8.628;2.439389;-0.3428526;;
8.629;2.439389;-0.3428526;;
8.649;2.449179;-0.3147372;;
8.656;2.449179;-0.3147372;;
8.657;2.449179;-0.3147372;;
8.658;2.449179;-0.3147372;;
8.671;2.450833;-0.3097025;;
8.6715279;;;-0.790769503325267;-0.905570311865974
8.415;2.369461;-0.4939996;;
8.416;2.369498;-0.493936;;
8.416;2.369502;-0.4939285;;
8.417;2.36951;-0.493915;;
8.417;2.369513;-0.4939094;;
8.418;2.369513;-0.4939094;;
8.437;2.373792;-0.4863002;;
8.438;2.373792;-0.4863002;;
8.438;2.373792;-0.4863002;;
8.458;2.381459;-0.4722598;;
8.459;2.381459;-0.4722598;;
8.46;2.388016;-0.4597372;;
8.461;2.389718;-0.4564865;;
8.48;2.394283;-0.4474997;;
8.481;2.394333;-0.4474021;;
8.482;2.39434;-0.4473875;;
8.502;2.398066;-0.4398584;;
8.503;2.401201;-0.4333452;;
8.504;2.403591;-0.42838;;
8.505;2.403936;-0.4276632;;
8.524;2.409273;-0.4161983;;
8.525;2.409331;-0.4160727;;
8.526;2.409339;-0.416055;;
8.527;2.412254;-0.4096088;;
8.545;2.416591;-0.3998225;;
8.545;2.41663;-0.3997351;;
8.546;2.416648;-0.399696;;
8.546;2.416651;-0.3996893;;
8.565;2.425308;-0.379207;;
8.566;2.425397;-0.3789965;;
8.567;2.42542;-0.3789436;;
8.568;2.42542;-0.3789436;;
8.586;2.432385;-0.3614609;;
8.587;2.432451;-0.361294;;
8.587;2.432481;-0.3612183;;
8.588;2.432481;-0.3612183;;
8.607;2.436328;-0.3511248;;
8.608;2.436331;-0.3511179;;
8.628;2.439346;-0.342968;;
8.628;2.439389;-0.3428526;;
8.629;2.439389;-0.3428526;;
8.649;2.449179;-0.3147372;;
8.656;2.449179;-0.3147372;;
8.657;2.449179;-0.3147372;;
8.658;2.449179;-0.3147372;;
8.671;2.450833;-0.3097025;;
8.672;2.45287;-0.3033565;;
8.673;2.453193;-0.3023485;;
8.694;2.456131;-0.2929318;;
8.6955917;;;-0.773558035507776;-0.89912811339758
8.458;2.381459;-0.4722598;;
8.459;2.381459;-0.4722598;;
8.46;2.388016;-0.4597372;;
8.461;2.389718;-0.4564865;;
8.48;2.394283;-0.4474997;;
8.481;2.394333;-0.4474021;;
8.482;2.39434;-0.4473875;;
8.502;2.398066;-0.4398584;;
8.503;2.401201;-0.4333452;;
8.504;2.403591;-0.42838;;
8.505;2.403936;-0.4276632;;
8.524;2.409273;-0.4161983;;
8.525;2.409331;-0.4160727;;
8.526;2.409339;-0.416055;;
8.527;2.412254;-0.4096088;;
8.545;2.416591;-0.3998225;;
8.545;2.41663;-0.3997351;;
8.546;2.416648;-0.399696;;
8.546;2.416651;-0.3996893;;
8.565;2.425308;-0.379207;;
8.566;2.425397;-0.3789965;;
8.567;2.42542;-0.3789436;;
8.568;2.42542;-0.3789436;;
8.586;2.432385;-0.3614609;;
8.587;2.432451;-0.361294;;
8.587;2.432481;-0.3612183;;
8.588;2.432481;-0.3612183;;
8.607;2.436328;-0.3511248;;
8.608;2.436331;-0.3511179;;
8.628;2.439346;-0.342968;;
8.628;2.439389;-0.3428526;;
8.629;2.439389;-0.3428526;;
8.649;2.449179;-0.3147372;;
8.656;2.449179;-0.3147372;;
8.657;2.449179;-0.3147372;;
8.658;2.449179;-0.3147372;;
8.671;2.450833;-0.3097025;;
8.672;2.45287;-0.3033565;;
8.673;2.453193;-0.3023485;;
8.694;2.456131;-0.2929318;;
8.695;2.459131;-0.2829267;;
8.696;2.459265;-0.2824788;;
8.697;2.459691;-0.281058;;
8.698;2.459691;-0.281058;;
8.716;2.46138;-0.2752241;;
8.717;2.46138;-0.2752241;;
8.737;2.46572;-0.2595801;;
8.738;2.465763;-0.2594242;;
8.738;2.467249;-0.2537901;;
8.739;2.467947;-0.2511465;;
8.7497364;;;-0.821071538513727;-0.893881391045301
8.46;2.388016;-0.4597372;;
8.461;2.389718;-0.4564865;;
8.48;2.394283;-0.4474997;;
8.481;2.394333;-0.4474021;;
8.482;2.39434;-0.4473875;;
8.502;2.398066;-0.4398584;;
8.503;2.401201;-0.4333452;;
8.504;2.403591;-0.42838;;
8.505;2.403936;-0.4276632;;
8.524;2.409273;-0.4161983;;
8.525;2.409331;-0.4160727;;
8.526;2.409339;-0.416055;;
8.527;2.412254;-0.4096088;;
8.545;2.416591;-0.3998225;;
8.545;2.41663;-0.3997351;;
8.546;2.416648;-0.399696;;
8.546;2.416651;-0.3996893;;
8.565;2.425308;-0.379207;;
8.566;2.425397;-0.3789965;;
8.567;2.42542;-0.3789436;;
8.568;2.42542;-0.3789436;;
8.586;2.432385;-0.3614609;;
8.587;2.432451;-0.361294;;
8.587;2.432481;-0.3612183;;
8.588;2.432481;-0.3612183;;
8.607;2.436328;-0.3511248;;
8.608;2.436331;-0.3511179;;
8.628;2.439346;-0.342968;;
8.628;2.439389;-0.3428526;;
8.629;2.439389;-0.3428526;;
8.649;2.449179;-0.3147372;;
8.656;2.449179;-0.3147372;;
8.657;2.449179;-0.3147372;;
8.658;2.449179;-0.3147372;;
8.671;2.450833;-0.3097025;;
8.672;2.45287;-0.3033565;;
8.673;2.453193;-0.3023485;;
8.694;2.456131;-0.2929318;;
8.695;2.459131;-0.2829267;;
8.696;2.459265;-0.2824788;;
8.697;2.459691;-0.281058;;
8.698;2.459691;-0.281058;;
8.716;2.46138;-0.2752241;;
8.717;2.46138;-0.2752241;;
8.737;2.46572;-0.2595801;;
8.738;2.465763;-0.2594242;;
8.738;2.467249;-0.2537901;;
8.739;2.467947;-0.2511465;;
8.758;2.470228;-0.2421899;;
8.758;2.470229;-0.2421866;;
8.759;2.470253;-0.242092;;
8.7687856;;;-0.840657436548356;-0.889433400331835
8.502;2.398066;-0.4398584;;
8.503;2.401201;-0.4333452;;
8.504;2.403591;-0.42838;;
8.505;2.403936;-0.4276632;;
8.524;2.409273;-0.4161983;;
8.525;2.409331;-0.4160727;;
8.526;2.409339;-0.416055;;
8.527;2.412254;-0.4096088;;
8.545;2.416591;-0.3998225;;
8.545;2.41663;-0.3997351;;
8.546;2.416648;-0.399696;;
8.546;2.416651;-0.3996893;;
8.565;2.425308;-0.379207;;
8.566;2.425397;-0.3789965;;
8.567;2.42542;-0.3789436;;
8.568;2.42542;-0.3789436;;
8.586;2.432385;-0.3614609;;
8.587;2.432451;-0.361294;;
8.587;2.432481;-0.3612183;;
8.588;2.432481;-0.3612183;;
8.607;2.436328;-0.3511248;;
8.608;2.436331;-0.3511179;;
8.628;2.439346;-0.342968;;
8.628;2.439389;-0.3428526;;
8.629;2.439389;-0.3428526;;
8.649;2.449179;-0.3147372;;
8.656;2.449179;-0.3147372;;
8.657;2.449179;-0.3147372;;
8.658;2.449179;-0.3147372;;
8.671;2.450833;-0.3097025;;
8.672;2.45287;-0.3033565;;
8.673;2.453193;-0.3023485;;
8.694;2.456131;-0.2929318;;
8.695;2.459131;-0.2829267;;
8.696;2.459265;-0.2824788;;
8.697;2.459691;-0.281058;;
8.698;2.459691;-0.281058;;
8.716;2.46138;-0.2752241;;
8.717;2.46138;-0.2752241;;
8.737;2.46572;-0.2595801;;
8.738;2.465763;-0.2594242;;
8.738;2.467249;-0.2537901;;
8.739;2.467947;-0.2511465;;
8.758;2.470228;-0.2421899;;
8.758;2.470229;-0.2421866;;
8.759;2.470253;-0.242092;;
8.778;2.472288;-0.233786;;
8.779;2.472306;-0.2337104;;
8.78;2.472314;-0.2336767;;
8.78;2.472314;-0.2336767;;
8.799;2.478941;-0.2041138;;
8.8;2.479003;-0.2038379;;
8.8;2.479011;-0.2038019;;
8.801;2.479025;-0.2037399;;
8.8164123;;;-0.90041169635579;-0.886988851549526
8.524;2.409273;-0.4161983;;
8.525;2.409331;-0.4160727;;
8.526;2.409339;-0.416055;;
8.527;2.412254;-0.4096088;;
8.545;2.416591;-0.3998225;;
8.545;2.41663;-0.3997351;;
8.546;2.416648;-0.399696;;
8.546;2.416651;-0.3996893;;
8.565;2.425308;-0.379207;;
8.566;2.425397;-0.3789965;;
8.567;2.42542;-0.3789436;;
8.568;2.42542;-0.3789436;;
8.586;2.432385;-0.3614609;;
8.587;2.432451;-0.361294;;
8.587;2.432481;-0.3612183;;
8.588;2.432481;-0.3612183;;
8.607;2.436328;-0.3511248;;
8.608;2.436331;-0.3511179;;
8.628;2.439346;-0.342968;;
8.628;2.439389;-0.3428526;;
8.629;2.439389;-0.3428526;;
8.649;2.449179;-0.3147372;;
8.656;2.449179;-0.3147372;;
8.657;2.449179;-0.3147372;;
8.658;2.449179;-0.3147372;;
8.671;2.450833;-0.3097025;;
8.672;2.45287;-0.3033565;;
8.673;2.453193;-0.3023485;;
8.694;2.456131;-0.2929318;;
8.695;2.459131;-0.2829267;;
8.696;2.459265;-0.2824788;;
8.697;2.459691;-0.281058;;
8.698;2.459691;-0.281058;;
8.716;2.46138;-0.2752241;;
8.717;2.46138;-0.2752241;;
8.737;2.46572;-0.2595801;;
8.738;2.465763;-0.2594242;;
8.738;2.467249;-0.2537901;;
8.739;2.467947;-0.2511465;;
8.758;2.470228;-0.2421899;;
8.758;2.470229;-0.2421866;;
8.759;2.470253;-0.242092;;
8.778;2.472288;-0.233786;;
8.779;2.472306;-0.2337104;;
8.78;2.472314;-0.2336767;;
8.78;2.472314;-0.2336767;;
8.799;2.478941;-0.2041138;;
8.8;2.479003;-0.2038379;;
8.8;2.479011;-0.2038019;;
8.801;2.479025;-0.2037399;;
8.82;2.481629;-0.1907939;;
8.821;2.48163;-0.1907896;;
8.821;2.481643;-0.1907218;;
8.8359643;;;-0.939650589399552;-0.886436817792672
8.566;2.425397;-0.3789965;;
8.567;2.42542;-0.3789436;;
8.568;2.42542;-0.3789436;;
8.586;2.432385;-0.3614609;;
8.587;2.432451;-0.361294;;
8.587;2.432481;-0.3612183;;
8.588;2.432481;-0.3612183;;
8.607;2.436328;-0.3511248;;
8.608;2.436331;-0.3511179;;
8.628;2.439346;-0.342968;;
8.628;2.439389;-0.3428526;;
8.629;2.439389;-0.3428526;;
8.649;2.449179;-0.3147372;;
8.656;2.449179;-0.3147372;;
8.657;2.449179;-0.3147372;;
8.658;2.449179;-0.3147372;;
8.671;2.450833;-0.3097025;;
8.672;2.45287;-0.3033565;;
8.673;2.453193;-0.3023485;;
8.694;2.456131;-0.2929318;;
8.695;2.459131;-0.2829267;;
8.696;2.459265;-0.2824788;;
8.697;2.459691;-0.281058;;
8.698;2.459691;-0.281058;;
8.716;2.46138;-0.2752241;;
8.717;2.46138;-0.2752241;;
8.737;2.46572;-0.2595801;;
8.738;2.465763;-0.2594242;;
8.738;2.467249;-0.2537901;;
8.739;2.467947;-0.2511465;;
8.758;2.470228;-0.2421899;;
8.758;2.470229;-0.2421866;;
8.759;2.470253;-0.242092;;
8.778;2.472288;-0.233786;;
8.779;2.472306;-0.2337104;;
8.78;2.472314;-0.2336767;;
8.78;2.472314;-0.2336767;;
8.799;2.478941;-0.2041138;;
8.8;2.479003;-0.2038379;;
8.8;2.479011;-0.2038019;;
8.801;2.479025;-0.2037399;;
8.82;2.481629;-0.1907939;;
8.821;2.48163;-0.1907896;;
8.821;2.481643;-0.1907218;;
8.842;2.483224;-0.1823986;;
8.863;2.488169;-0.1533364;;
8.864;2.488228;-0.1529861;;
8.865;2.488228;-0.1529861;;
8.865;2.488228;-0.1529861;;
8.865;2.488228;-0.1529861;;
8.8835907;;;-0.942936196940693;-0.886536872747487
8.628;2.439346;-0.342968;;
8.628;2.439389;-0.3428526;;
8.629;2.439389;-0.3428526;;
8.649;2.449179;-0.3147372;;
8.656;2.449179;-0.3147372;;
8.657;2.449179;-0.3147372;;
8.658;2.449179;-0.3147372;;
8.671;2.450833;-0.3097025;;
8.672;2.45287;-0.3033565;;
8.673;2.453193;-0.3023485;;
8.694;2.456131;-0.2929318;;
8.695;2.459131;-0.2829267;;
8.696;2.459265;-0.2824788;;
8.697;2.459691;-0.281058;;
8.698;2.459691;-0.281058;;
8.716;2.46138;-0.2752241;;
8.717;2.46138;-0.2752241;;
8.737;2.46572;-0.2595801;;
8.738;2.465763;-0.2594242;;
8.738;2.467249;-0.2537901;;
8.739;2.467947;-0.2511465;;
8.758;2.470228;-0.2421899;;
8.758;2.470229;-0.2421866;;
8.759;2.470253;-0.242092;;
8.778;2.472288;-0.233786;;
8.779;2.472306;-0.2337104;;
8.78;2.472314;-0.2336767;;
8.78;2.472314;-0.2336767;;
8.799;2.478941;-0.2041138;;
8.8;2.479003;-0.2038379;;
8.8;2.479011;-0.2038019;;
8.801;2.479025;-0.2037399;;
8.82;2.481629;-0.1907939;;
8.821;2.48163;-0.1907896;;
8.821;2.481643;-0.1907218;;
8.842;2.483224;-0.1823986;;
8.863;2.488169;-0.1533364;;
8.864;2.488228;-0.1529861;;
8.865;2.488228;-0.1529861;;
8.865;2.488228;-0.1529861;;
8.865;2.488228;-0.1529861;;
8.885;2.490324;-0.1387738;;
8.886;2.490324;-0.1387738;;
8.905;2.490311;-0.1388615;;
8.906;2.490322;-0.1387871;;
8.907;2.490324;-0.1387767;;
8.907;2.490324;-0.1387749;;
8.908;2.490324;-0.1387738;;
8.9091584;;;-0.882453838104334;-0.885489933564848
8.656;2.449179;-0.3147372;;
8.657;2.449179;-0.3147372;;
8.658;2.449179;-0.3147372;;
8.671;2.450833;-0.3097025;;
8.672;2.45287;-0.3033565;;
8.673;2.453193;-0.3023485;;
8.694;2.456131;-0.2929318;;
8.695;2.459131;-0.2829267;;
8.696;2.459265;-0.2824788;;
8.697;2.459691;-0.281058;;
8.698;2.459691;-0.281058;;
8.716;2.46138;-0.2752241;;
8.717;2.46138;-0.2752241;;
8.737;2.46572;-0.2595801;;
8.738;2.465763;-0.2594242;;
8.738;2.467249;-0.2537901;;
8.739;2.467947;-0.2511465;;
8.758;2.470228;-0.2421899;;
8.758;2.470229;-0.2421866;;
8.759;2.470253;-0.242092;;
8.778;2.472288;-0.233786;;
8.779;2.472306;-0.2337104;;
8.78;2.472314;-0.2336767;;
8.78;2.472314;-0.2336767;;
8.799;2.478941;-0.2041138;;
8.8;2.479003;-0.2038379;;
8.8;2.479011;-0.2038019;;
8.801;2.479025;-0.2037399;;
8.82;2.481629;-0.1907939;;
8.821;2.48163;-0.1907896;;
8.821;2.481643;-0.1907218;;
8.842;2.483224;-0.1823986;;
8.863;2.488169;-0.1533364;;
8.864;2.488228;-0.1529861;;
8.865;2.488228;-0.1529861;;
8.865;2.488228;-0.1529861;;
8.865;2.488228;-0.1529861;;
8.885;2.490324;-0.1387738;;
8.886;2.490324;-0.1387738;;
8.905;2.490311;-0.1388615;;
8.906;2.490322;-0.1387871;;
8.907;2.490324;-0.1387767;;
8.907;2.490324;-0.1387749;;
8.908;2.490324;-0.1387738;;
8.927;2.493872;-0.1105355;;
8.928;2.493872;-0.1105355;;
8.948;2.495562;-0.09410658;;
8.949;2.495562;-0.09410658;;
8.9507689;;;-0.76840356547677;-0.880218910210819
8.671;2.450833;-0.3097025;;
8.672;2.45287;-0.3033565;;
8.673;2.453193;-0.3023485;;
8.694;2.456131;-0.2929318;;
8.695;2.459131;-0.2829267;;
8.696;2.459265;-0.2824788;;
8.697;2.459691;-0.281058;;
8.698;2.459691;-0.281058;;
8.716;2.46138;-0.2752241;;
8.717;2.46138;-0.2752241;;
8.737;2.46572;-0.2595801;;
8.738;2.465763;-0.2594242;;
8.738;2.467249;-0.2537901;;
8.739;2.467947;-0.2511465;;
8.758;2.470228;-0.2421899;;
8.758;2.470229;-0.2421866;;
8.759;2.470253;-0.242092;;
8.778;2.472288;-0.233786;;
8.779;2.472306;-0.2337104;;
8.78;2.472314;-0.2336767;;
8.78;2.472314;-0.2336767;;
8.799;2.478941;-0.2041138;;
8.8;2.479003;-0.2038379;;
8.8;2.479011;-0.2038019;;
8.801;2.479025;-0.2037399;;
8.82;2.481629;-0.1907939;;
8.821;2.48163;-0.1907896;;
8.821;2.481643;-0.1907218;;
8.842;2.483224;-0.1823986;;
8.863;2.488169;-0.1533364;;
8.864;2.488228;-0.1529861;;
8.865;2.488228;-0.1529861;;
8.865;2.488228;-0.1529861;;
8.865;2.488228;-0.1529861;;
8.885;2.490324;-0.1387738;;
8.886;2.490324;-0.1387738;;
8.905;2.490311;-0.1388615;;
8.906;2.490322;-0.1387871;;
8.907;2.490324;-0.1387767;;
8.907;2.490324;-0.1387749;;
8.908;2.490324;-0.1387738;;
8.927;2.493872;-0.1105355;;
8.928;2.493872;-0.1105355;;
8.948;2.495562;-0.09410658;;
8.949;2.495562;-0.09410658;;
8.969;2.496936;-0.0781979;;
8.969;2.49694;-0.07815474;;
8.97;2.496951;-0.07802459;;
8.9843581;;;-0.678076309941818;-0.87295582768117
8.716;2.46138;-0.2752241;;
8.717;2.46138;-0.2752241;;
8.737;2.46572;-0.2595801;;
8.738;2.465763;-0.2594242;;
8.738;2.467249;-0.2537901;;
8.739;2.467947;-0.2511465;;
8.758;2.470228;-0.2421899;;
8.758;2.470229;-0.2421866;;
8.759;2.470253;-0.242092;;
8.778;2.472288;-0.233786;;
8.779;2.472306;-0.2337104;;
8.78;2.472314;-0.2336767;;
8.78;2.472314;-0.2336767;;
8.799;2.478941;-0.2041138;;
8.8;2.479003;-0.2038379;;
8.8;2.479011;-0.2038019;;
8.801;2.479025;-0.2037399;;
8.82;2.481629;-0.1907939;;
8.821;2.48163;-0.1907896;;
8.821;2.481643;-0.1907218;;
8.842;2.483224;-0.1823986;;
8.863;2.488169;-0.1533364;;
8.864;2.488228;-0.1529861;;
8.865;2.488228;-0.1529861;;
8.865;2.488228;-0.1529861;;
8.865;2.488228;-0.1529861;;
8.885;2.490324;-0.1387738;;
8.886;2.490324;-0.1387738;;
8.905;2.490311;-0.1388615;;
8.906;2.490322;-0.1387871;;
8.907;2.490324;-0.1387767;;
8.907;2.490324;-0.1387749;;
8.908;2.490324;-0.1387738;;
8.927;2.493872;-0.1105355;;
8.928;2.493872;-0.1105355;;
8.948;2.495562;-0.09410658;;
8.949;2.495562;-0.09410658;;
8.969;2.496936;-0.0781979;;
8.969;2.49694;-0.07815474;;
8.97;2.496951;-0.07802459;;
8.99;2.498161;-0.06058584;;
8.99;2.498166;-0.06051245;;
8.991;2.498173;-0.06040587;;
9.011;2.49926;-0.038373;;
9.0184483;;;-0.676748385187785;-0.865797326793246
8.758;2.470228;-0.2421899;;
8.758;2.470229;-0.2421866;;
8.759;2.470253;-0.242092;;
8.778;2.472288;-0.233786;;
8.779;2.472306;-0.2337104;;
8.78;2.472314;-0.2336767;;
8.78;2.472314;-0.2336767;;
8.799;2.478941;-0.2041138;;
8.8;2.479003;-0.2038379;;
8.8;2.479011;-0.2038019;;
8.801;2.479025;-0.2037399;;
8.82;2.481629;-0.1907939;;
8.821;2.48163;-0.1907896;;
8.821;2.481643;-0.1907218;;
8.842;2.483224;-0.1823986;;
8.863;2.488169;-0.1533364;;
8.864;2.488228;-0.1529861;;
8.865;2.488228;-0.1529861;;
8.865;2.488228;-0.1529861;;
8.865;2.488228;-0.1529861;;
8.885;2.490324;-0.1387738;;
8.886;2.490324;-0.1387738;;
8.905;2.490311;-0.1388615;;
8.906;2.490322;-0.1387871;;
8.907;2.490324;-0.1387767;;
8.907;2.490324;-0.1387749;;
8.908;2.490324;-0.1387738;;
8.927;2.493872;-0.1105355;;
8.928;2.493872;-0.1105355;;
8.948;2.495562;-0.09410658;;
8.949;2.495562;-0.09410658;;
8.969;2.496936;-0.0781979;;
8.969;2.49694;-0.07815474;;
8.97;2.496951;-0.07802459;;
8.99;2.498161;-0.06058584;;
8.99;2.498166;-0.06051245;;
8.991;2.498173;-0.06040587;;
9.011;2.49926;-0.038373;;
9.032;2.49941;-0.0343385;;
9.033;2.499411;-0.03430211;;
9.034;2.499412;-0.03429286;;
9.053;2.499963;-0.008109864;;
9.0625651;;;-0.791195528044244;-0.86204190166681
8.799;2.478941;-0.2041138;;
8.8;2.479003;-0.2038379;;
8.8;2.479011;-0.2038019;;
8.801;2.479025;-0.2037399;;
8.82;2.481629;-0.1907939;;
8.821;2.48163;-0.1907896;;
8.821;2.481643;-0.1907218;;
8.842;2.483224;-0.1823986;;
8.863;2.488169;-0.1533364;;
8.864;2.488228;-0.1529861;;
8.865;2.488228;-0.1529861;;
8.865;2.488228;-0.1529861;;
8.865;2.488228;-0.1529861;;
8.885;2.490324;-0.1387738;;
8.886;2.490324;-0.1387738;;
8.905;2.490311;-0.1388615;;
8.906;2.490322;-0.1387871;;
8.907;2.490324;-0.1387767;;
8.907;2.490324;-0.1387749;;
8.908;2.490324;-0.1387738;;
8.927;2.493872;-0.1105355;;
8.928;2.493872;-0.1105355;;
8.948;2.495562;-0.09410658;;
8.949;2.495562;-0.09410658;;
8.969;2.496936;-0.0781979;;
8.969;2.49694;-0.07815474;;
8.97;2.496951;-0.07802459;;
8.99;2.498161;-0.06058584;;
8.99;2.498166;-0.06051245;;
8.991;2.498173;-0.06040587;;
9.011;2.49926;-0.038373;;
9.032;2.49941;-0.0343385;;
9.033;2.499411;-0.03430211;;
9.034;2.499412;-0.03429286;;
9.053;2.499963;-0.008109864;;
9.074;2.499999;0.0009407178;;
9.075;2.5;0.001032497;;
9.095;2.499764;0.02158543;;
9.0961548;;;-0.793666458023406;-0.857531056854564
8.842;2.483224;-0.1823986;;
8.863;2.488169;-0.1533364;;
8.864;2.488228;-0.1529861;;
8.865;2.488228;-0.1529861;;
8.865;2.488228;-0.1529861;;
8.865;2.488228;-0.1529861;;
8.885;2.490324;-0.1387738;;
8.886;2.490324;-0.1387738;;
8.905;2.490311;-0.1388615;;
8.906;2.490322;-0.1387871;;
8.907;2.490324;-0.1387767;;
8.907;2.490324;-0.1387749;;
8.908;2.490324;-0.1387738;;
8.927;2.493872;-0.1105355;;
8.928;2.493872;-0.1105355;;
8.948;2.495562;-0.09410658;;
8.949;2.495562;-0.09410658;;
8.969;2.496936;-0.0781979;;
8.969;2.49694;-0.07815474;;
8.97;2.496951;-0.07802459;;
8.99;2.498161;-0.06058584;;
8.99;2.498166;-0.06051245;;
8.991;2.498173;-0.06040587;;
9.011;2.49926;-0.038373;;
9.032;2.49941;-0.0343385;;
9.033;2.499411;-0.03430211;;
9.034;2.499412;-0.03429286;;
9.053;2.499963;-0.008109864;;
9.074;2.499999;0.0009407178;;
9.075;2.5;0.001032497;;
9.095;2.499764;0.02158543;;
9.096;2.499646;0.02651732;;
9.116;2.499344;0.03619155;;
9.117;2.499339;0.03634067;;
9.137;2.498565;0.05352331;;
9.138;2.498558;0.05367173;;
9.1402714;;;-0.7744560974363;-0.850490571163245
9.7639267;;;0;-0.814412361904644
10.2652569;;;0;-0.778999692765667
10.7685927;;;0;-0.744394962695664
